MJD,mag,uncert
60084.94946799986,12.283,0.024
60084.95022,12.278,0.039
60084.95097200014,12.315,0.026
60084.95171299996,12.292,0.046
60084.98736099992,12.084,0.003
60084.98969900003,12.082,0.003
60084.99231499992,12.081,0.003
60084.99493099982,12.077,0.003
60084.9972219998,12.066,0.003
60084.99954900006,12.065,0.003
60085.00184000004,12.075,0.003
60085.0041319998,12.068,0.003
60085.006469999906,12.063,0.003
60085.008958000224,12.066,0.003
60085.23926999979,11.861,0.007
60085.83999999985,11.379,0.003
60085.84219999984,11.381,0.003
60085.84439999983,11.376,0.003
60085.88071000017,11.44,0.004
60085.88656000001,11.398,0.02
60086.13701999979,11.396,0.141
60086.14305000007,11.395,0.003
60086.14533099998,11.306,0.006
60086.149067999795,11.389,0.140
60086.150894000195,11.314,0.006
60086.155098000076,11.392,0.139
60086.15758399991,11.292,0.007
60086.16112799989,11.391,0.138
60086.16326799989,11.291,0.005
60086.167146999855,11.378,0.064
60086.169265999924,11.285,0.006
60086.173177000135,11.383,0.137
60086.17584899999,11.29,0.005
60086.1791960001,11.379,0.063
60086.182732000016,11.286,0.004
60086.185225999914,11.382,0.062
60086.189660999924,11.292,0.005
60086.20102699986,11.284,0.009
60086.20464699995,11.258,0.010
60086.2137000002,11.29,0.009
60086.21723000007,11.271,0.013
60086.22370899981,11.287,0.007
60086.23352100002,11.307,0.016
60086.27381999977,11.269,0.015
60086.27895299997,11.371,0.003
60086.28498299979,11.383,0.003
60086.29101300007,11.381,0.003
60086.29703099979,11.383,0.003
60086.440837999806,11.292,0.021
60086.45206400007,11.256,0.018
60086.465813999996,11.309,0.019
60086.47257000022,11.274,0.011
60086.92323999992,11.0377,0.0032
60086.933685000055,11.239,0.023
60086.93443300016,11.334,0.015
60086.935182000045,11.314,0.027
60086.94890000019,11.09,0.0069
60086.956412000116,11.112,0.002
60086.95785900019,11.114,0.002
60086.95931700012,11.109,0.002
60086.96077500004,11.115,0.002
60086.96223400021,11.111,0.002
60086.963692000136,11.111,0.002
60086.96515000006,11.112,0.002
60086.96660900023,11.109,0.002
60086.968067000154,11.121,0.002
60086.96951400023,11.105,0.002
60087.05115099996,11.122,0.001
60087.052072000224,11.12,0.001
60087.05298499996,11.127,0.001
60087.14469899982,11.094,0.007
60087.14920900017,11.09,0.005
60087.15347799985,11.102,0.004
60087.15781599982,11.079,0.004
60087.1621170002,11.088,0.004
60087.16642299993,11.093,0.004
60087.169610000215,11.107,0.1
60087.17086300021,11.082,0.005
60087.175071999896,11.087,0.004
60087.1793709998,11.077,0.004
60087.184901,11.088,0.004
60087.19037499977,11.071,0.004
60087.19466000004,11.073,0.004
60087.198938000016,11.078,0.004
60087.20328099979,11.069,0.004
60087.20565999998,11.087,0.010
60087.207560999785,11.068,0.004
60087.21189799998,11.066,0.004
60087.21624800004,11.062,0.004
60087.22053800011,11.065,0.004
60087.22484199982,11.083,0.004
60087.23107799981,11.064,0.004
60087.23576299986,11.061,0.004
60087.24009199999,11.063,0.004
60087.24441500008,11.053,0.005
60087.24878000002,11.07,0.004
60087.25303399982,11.074,0.004
60087.25740099978,11.07,0.004
60087.26170200016,11.062,0.005
60087.26601300016,11.077,0.004
60087.270775999874,11.046,0.004
60087.27719100006,11.066,0.004
60087.28302199999,11.064,0.004
60087.28817000007,11.074,0.004
60087.29247999983,11.052,0.005
60087.296682999935,11.051,0.005
60087.301159000024,11.037,0.004
60087.30531999981,11.034,0.005
60087.30972100003,11.066,0.004
60087.31405600021,11.056,0.004
60087.31835900014,11.063,0.004
60087.322240000125,11.137,0.014
60087.32256799983,11.07,0.005
60087.329671999905,10.983,0.006
60087.33311499981,11.021,0.006
60087.337921000086,11.04,0.004
60087.342834999785,11.067,0.007
60087.35034399992,11.063,0.005
60087.356337999925,11.054,0.004
60087.3604319999,11.051,0.005
60087.36494999984,11.082,0.004
60087.3693169998,11.068,0.005
60087.37359600002,11.056,0.004
60087.377902999986,11.032,0.005
60087.38221899979,11.037,0.004
60087.38653700007,11.061,0.004
60087.39081900008,11.048,0.005
60087.39665699983,11.059,0.005
60087.40239599999,11.03,0.005
60087.406591000035,11.005,0.005
60087.41098699998,11.042,0.005
60087.415173999965,11.013,0.005
60087.419704,11.051,0.006
60087.42378999991,11.028,0.005
60087.428183999844,11.041,0.004
60087.43240799988,11.06,0.005
60087.436962000094,11.052,0.005
60087.44302499993,11.113,0.005
60087.447829000186,11.046,0.005
60087.45221999986,10.995,0.006
60087.4565150002,11.024,0.006
60087.46073599998,11.025,0.007
60087.46489199996,10.99,0.007
60087.468847999815,11.048,0.012
60087.860489999875,11.029,0.0046
60087.8868900002,10.954,0.003
60087.93005000008,11.023,0.004
60087.93583300011,11.011,0.002
60087.93729199981,10.999,0.002
60087.938750000205,11.001,0.002
60087.94020800013,11.045,0.002
60087.94166699983,11.017,0.002
60087.94311300013,11.039,0.002
60087.94457199983,11.018,0.002
60087.946030000225,11.035,0.002
60087.946851999965,11.256,0.214
60087.9476040001,11.296,0.083
60087.948344999924,11.361,0.138
60088.11803000001,11.104,0.039
60088.14572199993,11.086,0.007
60088.15078500006,11.076,0.005
60088.15167000005,11.006,0.002
60088.15612899978,11.082,0.005
60088.16123200022,11.068,0.005
60088.16422000015,11.005,0.002
60088.16645799996,11.08,0.005
60088.17171599995,11.084,0.005
60088.17696999991,11.083,0.005
60088.18276599981,11.08,0.005
60088.18495000014,11.091,0.034
60088.18982100021,11.088,0.005
60088.195115999784,11.074,0.005
60088.20033300016,11.081,0.005
60088.20489999978,11.003,0.011
60088.205537000205,11.074,0.004
60088.21088200016,11.073,0.005
60088.21611799998,11.07,0.005
60088.221346999984,11.068,0.005
60088.227390999906,11.062,0.006
60088.23365999991,11.059,0.006
60088.23971900018,11.064,0.007
60088.24491399992,11.053,0.007
60088.24984099995,11.025,0.010
60088.25523100002,11.018,0.010
60088.26026999997,11.058,0.014
60088.264746999834,11.054,0.013
60088.27205500007,11.002,0.007
60088.29682999989,11.122,0.022
60088.30864599999,11.007,0.030
60088.32452500006,11.037,0.018
60088.34666599985,10.921,0.027
60088.355037999805,11.044,0.015
60088.35960499989,10.989,0.030
60088.384637999814,10.965,0.025
60088.38969099987,11.035,0.012
60088.39373800019,11.086,0.017
60088.399830999784,11.08,0.008
60088.40754200006,11.064,0.006
60088.41230199998,11.074,0.005
60088.41785500012,11.076,0.005
60088.422892999835,11.066,0.005
60088.42917599995,11.071,0.005
60088.43610000005,11.051,0.005
60088.441248000134,11.058,0.005
60088.446618000045,11.072,0.005
60088.451832000166,11.058,0.005
60088.45776099991,11.059,0.005
60088.46418699995,11.062,0.005
60088.47040299978,11.09,0.006
60088.474386000074,11.026,0.017
60088.81498799985,10.968,0.020
60088.81552099995,10.964,0.020
60088.81605299981,10.962,0.020
60088.81658599991,10.961,0.020
60088.81711799977,10.953,0.022
60088.8176500001,10.959,0.021
60088.8181830002,10.954,0.020
60088.81871500006,10.97,0.021
60088.81924800016,10.952,0.021
60088.81978000002,10.955,0.021
60088.83328700019,10.886,0.020
60088.83381900005,10.846,0.021
60088.83435200015,10.871,0.020
60088.83488400001,10.858,0.020
60088.83541700011,10.861,0.020
60088.83594899997,10.852,0.020
60088.85113399988,10.97,0.020
60088.85166699998,10.978,0.016
60088.85219899984,10.982,0.015
60088.85273100017,10.99,0.017
60088.8532639998,10.975,0.016
60088.85379600013,10.984,0.017
60088.85432900023,10.985,0.014
60088.85486100009,10.97,0.017
60088.85539400019,10.983,0.016
60088.85592600005,10.975,0.015
60088.85645799991,10.972,0.017
60088.85699100001,10.974,0.016
60088.85752299987,10.982,0.015
60088.85805599997,10.972,0.016
60088.85858799983,10.983,0.019
60088.859120000154,10.988,0.016
60088.85965299979,10.97,0.017
60088.860185000114,10.97,0.016
60088.860718000215,10.976,0.017
60088.861250000075,10.978,0.015
60088.861781999934,10.988,0.015
60088.862315000035,10.973,0.018
60088.862846999895,10.977,0.015
60088.863379999995,10.974,0.016
60088.863911999855,10.972,0.014
60088.86444400018,10.988,0.016
60088.864976999816,10.969,0.016
60088.86550900014,10.976,0.016
60088.866041999776,10.973,0.016
60088.8665740001,10.984,0.016
60088.86710599996,10.986,0.016
60088.86763900006,10.976,0.016
60088.86817099992,10.972,0.016
60088.86870400002,10.976,0.016
60088.86923599988,10.971,0.016
60088.86976899998,10.977,0.022
60088.87030099984,10.985,0.014
60088.87083300017,10.974,0.015
60088.87135400018,10.972,0.015
60088.87189800013,10.985,0.017
60088.87241900014,10.978,0.015
60088.872951,10.978,0.016
60088.8734840001,10.985,0.017
60088.87401599996,10.972,0.018
60088.87454900006,10.979,0.016
60088.87508099992,10.979,0.018
60088.87561299978,10.979,0.015
60088.87614599988,10.977,0.016
60088.876678000204,10.972,0.015
60088.87721099984,10.972,0.016
60088.92059000023,10.996,0.004
60088.936156999785,11.0,0.002
60088.93761599995,11.004,0.002
60088.93907399988,11.02,0.002
60088.94052099995,11.022,0.002
60088.94197899988,10.975,0.002
60088.943436999805,10.967,0.002
60088.94489599997,10.989,0.002
60088.9463539999,10.973,0.002
60088.947951000184,11.002,0.007
60088.948355999775,11.006,0.020
60088.94874999998,11.035,0.011
60088.94915500004,11.013,0.009
60088.949560000096,11.019,0.004
60088.961749999784,10.96,0.004
60089.08332999982,11.021,0.005
60089.094140000176,11.145,0.006
60089.14546799986,11.045,0.008
60089.1494049998,11.016,0.006
60089.15304999985,11.004,0.004
60089.15703900019,11.012,0.004
60089.16100199986,11.023,0.004
60089.164940000046,11.023,0.003
60089.165550000034,10.978,0.005
60089.16881000018,10.985,0.005
60089.168841999955,11.029,0.004
60089.172069999855,10.985,0.005
60089.17276800005,11.023,0.004
60089.17533,10.993,0.005
60089.17666100012,11.029,0.004
60089.17859000014,10.986,0.005
60089.18066699989,11.021,0.004
60089.18184999982,10.981,0.005
60089.18512000004,10.984,0.005
60089.18628000002,10.96,0.003
60089.18632500013,11.035,0.004
60089.18842000002,10.976,0.005
60089.19115700014,11.015,0.004
60089.19172,10.975,0.005
60089.194980000146,10.983,0.005
60089.19506599987,11.006,0.003
60089.198290000204,11.016,0.002
60089.199016000144,11.018,0.004
60089.20012999978,10.964,0.003
60089.20295999991,11.013,0.004
60089.20688899979,11.006,0.004
60089.210845999885,11.015,0.003
60089.21403999999,10.957,0.003
60089.21477699978,11.007,0.003
60089.218706999905,11.011,0.003
60089.22264100006,11.017,0.004
60089.22475000005,11.043,0.005
60089.22669599997,11.017,0.003
60089.23285300005,11.008,0.003
60089.236823000014,11.004,0.004
60089.24092500005,10.994,0.006
60089.242420000024,10.961,0.003
60089.24500600016,11.003,0.004
60089.24878899986,10.988,0.004
60089.25258600013,10.99,0.005
60089.25632000016,10.959,0.003
60089.256998999976,10.99,0.008
60089.26023299992,11.041,0.011
60089.266253000125,10.984,0.039
60089.2690849998,10.94,0.012
60089.270359999966,10.954,0.003
60089.27267399989,10.973,0.013
60089.2774100001,10.953,0.026
60089.29411000013,11.056,0.016
60089.30254800012,10.8,0.019
60089.31252000015,10.953,0.003
60089.31549800001,11.015,0.016
60089.32661999995,10.964,0.003
60089.34107600013,11.154,0.023
60089.390904999804,10.947,0.007
60089.394921000116,11.017,0.006
60089.39836400002,11.007,0.004
60089.40491699986,10.999,0.005
60089.40919200005,11.028,0.004
60089.412653000094,11.007,0.004
60089.41669999994,11.011,0.004
60089.42227400001,11.012,0.004
60089.427070999984,11.004,0.004
60089.43097299989,11.001,0.004
60089.434851000085,10.999,0.004
60089.438796999864,11.006,0.003
60089.44273700006,11.012,0.004
60089.44664999982,11.0,0.004
60089.45156199997,10.994,0.004
60089.45850400021,11.008,0.004
60089.462385000195,11.005,0.005
60089.466349999886,11.01,0.006
60089.470005999785,10.991,0.005
60089.88193000015,10.964,0.02
60089.91251000017,10.982,0.004
60089.9329400002,11.011,0.002
60089.933310000226,11.031,0.008
60089.93371499982,11.034,0.008
60089.93410900002,11.028,0.032
60089.93439800013,11.002,0.002
60089.93451400008,11.041,0.044
60089.93491900014,11.047,0.032
60089.9353120001,11.056,0.041
60089.935845000204,10.983,0.002
60089.93730300013,11.03,0.002
60089.93876199983,11.036,0.002
60089.94022000022,11.02,0.002
60089.94166699983,11.031,0.002
60089.94312500022,11.038,0.002
60089.973819999956,10.952,0.003
60090.126989999786,10.983,0.002
60090.1362999999,10.975,0.002
60090.14559999993,10.979,0.002
60090.157600000035,10.986,0.005
60090.16086000018,10.986,0.005
60090.1624400001,10.961,0.003
60090.164119999856,10.986,0.005
60090.16738,10.982,0.005
60090.170669999905,10.999,0.005
60090.17393000005,10.98,0.005
60090.17681000009,10.96,0.003
60090.177180000115,10.974,0.005
60090.18043999979,10.981,0.005
60090.183699999936,10.984,0.005
60090.18695,10.98,0.005
60090.19114999985,10.961,0.003
60090.20504999999,10.976,0.011
60090.21977999993,10.957,0.003
60090.2343100002,10.956,0.003
60090.2486200002,10.95,0.003
60090.26316000009,10.955,0.003
60090.305709999986,10.961,0.003
60090.31585999997,10.953,0.077
60090.89149999991,10.915,0.003
60090.8936999999,10.904,0.003
60090.89580000006,10.911,0.003
60090.898000000045,10.919,0.003
60090.90020000003,10.899,0.003
60090.90743699996,10.9186,0.0028
60090.92266000016,10.96,0.003
60090.933067000005,10.972,0.002
60090.93451400008,10.984,0.002
60090.93597200001,10.975,0.002
60090.93743100017,10.972,0.002
60090.9388890001,10.973,0.002
60090.940347000025,10.982,0.002
60090.94180600019,10.973,0.002
60090.94325200003,10.978,0.002
60090.958298999816,11.056,0.045
60090.95869199978,11.066,0.054
60090.95909699984,11.06,0.058
60090.959501999896,11.049,0.057
60090.95990699995,11.027,0.035
60090.96030100016,11.077,0.055
60091.02427599998,10.961,0.048
60091.09781999979,11.061,0.003
60091.14710099995,11.076,0.013
60091.152193000074,11.057,0.010
60091.15767699992,11.063,0.008
60091.1612999998,10.962,0.003
60091.16334100021,11.07,0.008
60091.16914599994,11.07,0.008
60091.17464300012,11.07,0.008
60091.175210000016,10.97,0.003
60091.18032900011,11.068,0.008
60091.18796399981,11.061,0.008
60091.19417899987,11.056,0.008
60091.19919000007,10.949,0.033
60091.19975600019,11.066,0.008
60091.203160000034,10.945,0.035
60091.20368999988,10.966,0.003
60091.20476000011,10.979,0.010
60091.205539999995,11.077,0.008
60091.21121300012,11.064,0.008
60091.21684100013,11.055,0.008
60091.21828000015,10.966,0.003
60091.2225589999,11.069,0.008
60091.229263999965,11.083,0.008
60091.23242999986,10.96,0.003
60091.236440000124,11.034,0.003
60091.23650600016,11.076,0.008
60091.24216300016,11.071,0.008
60091.24787000008,11.051,0.008
60091.25343400007,11.054,0.008
60091.25912800012,11.038,0.008
60091.260799999814,10.96,0.003
60091.26483300002,11.017,0.008
60091.27081899997,11.069,0.008
60091.27475999994,10.968,0.003
60091.278553000186,11.049,0.008
60091.284382999875,11.043,0.008
60091.28894999996,10.953,0.003
60091.289927999955,11.07,0.008
60091.295630000066,11.069,0.007
60091.303290000185,10.96,0.003
60091.30342500005,11.068,0.007
60091.30950300023,11.084,0.007
60091.315192999784,11.07,0.007
60091.31723000016,10.948,0.003
60091.32086399989,11.043,0.007
60091.32655900018,11.055,0.007
60091.331460000016,10.96,0.003
60091.332214999944,11.081,0.007
60091.33789499989,11.067,0.007
60091.34467800008,11.059,0.007
60091.35159200011,11.04,0.007
60091.82278899988,10.976,0.021
60091.82332199998,10.976,0.021
60091.82385399984,10.966,0.020
60091.82438699994,10.959,0.020
60091.8249189998,10.969,0.019
60091.82545100013,10.965,0.020
60091.82598400023,10.961,0.019
60091.82651600009,10.976,0.019
60091.82704900019,10.964,0.019
60091.82758100005,10.962,0.019
60091.82811299991,10.968,0.019
60091.82864600001,10.96,0.019
60091.82917799987,10.966,0.019
60091.82971099997,10.969,0.019
60091.83024299983,10.974,0.019
60091.87376999995,10.95,0.02
60091.924777999986,11.1149,0.0022
60091.9351499998,11.022,0.002
60091.93660899997,11.001,0.002
60091.93806699989,10.977,0.002
60091.93951399997,11.003,0.002
60091.940983999986,10.974,0.002
60091.94243100006,10.975,0.002
60091.94388899999,10.994,0.002
60091.94843700016,11.041,0.122
60091.9488309999,11.046,0.105
60091.948989999946,10.988,0.006
60091.94923599996,11.077,0.020
60091.949641000014,11.018,0.067
60091.95004600007,11.034,0.075
60091.95043999981,11.048,0.004
60091.95252999989,10.968,0.006
60091.95864999993,10.955,0.006
60091.96476999996,10.967,0.005
60091.965960000176,10.945,0.003
60091.97089,10.957,0.005
60091.976999999955,10.94,0.007
60091.986730000004,10.965,0.005
60091.99285000004,10.955,0.006
60091.99897000007,10.957,0.005
60092.00509000011,10.965,0.005
60092.01478999993,10.964,0.006
60092.14832499996,10.987,0.012
60092.152441999875,10.98,0.007
60092.15460000001,10.978,0.006
60092.15730800014,10.99,0.006
60092.157850000076,10.98,0.006
60092.16110000014,10.983,0.006
60092.162525999825,10.976,0.006
60092.16435999982,10.981,0.005
60092.16760999989,10.989,0.005
60092.1677910001,10.978,0.006
60092.170859999955,10.976,0.005
60092.1741200001,10.985,0.005
60092.17471300019,10.973,0.007
60092.177410000004,10.98,0.005
60092.18066000007,10.978,0.005
60092.18071699981,10.975,0.006
60092.183920000214,10.974,0.005
60092.18437999999,10.955,0.003
60092.186185,10.986,0.005
60092.19128500018,10.986,0.005
60092.19655600004,10.986,0.004
60092.19866000023,10.955,0.003
60092.20180399995,10.982,0.004
60092.2071130001,10.991,0.004
60092.212342999876,10.983,0.004
60092.21284999978,10.955,0.003
60092.21843599994,10.979,0.004
60092.225165000185,10.985,0.004
60092.226939999964,10.955,0.003
60092.23043600004,10.992,0.004
60092.23567799991,10.981,0.004
60092.240894000046,10.984,0.004
60092.24118999997,10.96,0.003
60092.24617299996,10.984,0.004
60092.25145700015,11.001,0.004
60092.25560999988,10.959,0.003
60092.25667699985,10.979,0.004
60092.262904,10.988,0.004
60092.27009999985,10.947,0.003
60092.270105999894,10.991,0.005
60092.27575400006,10.985,0.005
60092.28080199985,10.959,0.005
60092.284380000085,10.962,0.003
60092.28615299985,10.992,0.005
60092.2911609998,10.973,0.005
60092.2959929998,11.019,0.006
60092.298719999846,10.955,0.003
60092.30177599983,10.978,0.005
60092.306522000115,10.976,0.005
60092.314999999944,10.968,0.005
60092.32009699987,10.992,0.005
60092.32761099981,10.978,0.004
60092.333432999905,10.985,0.004
60092.33867199998,10.978,0.004
60092.343907999806,10.982,0.004
60092.348964999896,10.984,0.004
60092.35436999984,10.976,0.004
60092.36014600005,10.976,0.004
60092.3665339998,10.985,0.004
60092.37275899993,10.98,0.004
60092.37801899994,10.993,0.004
60092.383249999955,10.983,0.004
60092.388511999976,10.974,0.004
60092.39377699979,10.979,0.004
60092.39899200015,10.972,0.004
60092.404260000214,10.987,0.004
60092.411214999855,10.972,0.004
60092.41712500015,10.973,0.004
60092.422358000185,10.982,0.004
60092.42741600005,10.981,0.004
60092.43267699983,10.983,0.004
60092.43819899997,10.973,0.004
60092.44664900005,10.973,0.004
60092.45225800015,10.982,0.004
60092.45737699978,10.972,0.004
60092.46226500021,10.977,0.005
60092.46720100008,10.98,0.009
60092.58146099979,10.907,0.038
60092.581588999834,10.948,0.040
60092.58171800012,10.935,0.038
60092.58184600016,10.965,0.034
60092.91159000015,10.966,0.005
60092.93164000008,10.974,0.006
60092.93275499996,11.035,0.002
60092.934212999884,11.004,0.002
60092.9356829999,10.996,0.002
60092.93714099983,10.962,0.003
60092.938599999994,10.955,0.005
60092.94005799992,10.91,0.008
60092.941515999846,10.991,0.007
60092.94297500001,10.975,0.005
60093.1462340001,10.968,0.014
60093.14936499996,11.0,0.010
60093.15289299982,10.983,0.009
60093.156200000085,10.995,0.009
60093.1595040001,10.995,0.009
60093.16285600001,10.997,0.009
60093.1642,10.967,0.006
60093.16617400013,11.001,0.008
60093.16746000014,10.97,0.006
60093.17071999982,10.96,0.006
60093.1709139999,11.0,0.009
60093.17229000013,10.952,0.003
60093.17396999989,10.963,0.006
60093.17551199999,10.992,0.008
60093.177219999954,10.961,0.006
60093.178290000185,10.902,0.006
60093.17882000003,10.988,0.008
60093.1804800001,10.959,0.006
60093.18215700006,10.99,0.008
60093.182779999916,10.95,0.003
60093.183730000164,10.963,0.006
60093.18553399993,10.993,0.008
60093.18698999984,10.96,0.006
60093.18891600007,10.991,0.008
60093.19023999991,10.97,0.006
60093.192228000145,10.991,0.008
60093.19321999978,10.955,0.003
60093.19350000005,10.971,0.006
60093.19552099984,10.992,0.008
60093.1989099998,10.985,0.008
60093.19935999997,10.94,0.028
60093.20226200018,10.985,0.008
60093.20374999987,10.947,0.003
60093.20558700012,10.991,0.009
60093.20885499986,10.989,0.009
60093.21228200011,10.99,0.008
60093.214159999974,10.964,0.003
60093.21757300012,10.998,0.009
60093.221359000076,10.992,0.009
60093.22465399979,11.006,0.009
60093.224719999824,10.956,0.003
60093.228062000126,10.983,0.008
60093.231387000065,10.991,0.008
60093.234670999926,10.995,0.008
60093.23531999998,10.954,0.003
60093.2380570001,10.967,0.009
60093.241276999936,10.994,0.009
60093.24476899998,10.961,0.009
60093.24580000015,10.943,0.003
60093.2481300002,10.976,0.010
60093.25146599999,10.953,0.009
60093.25464700023,10.981,0.011
60093.25632000016,10.955,0.003
60093.257627999876,10.915,0.023
60093.263995999936,10.942,0.009
60093.26678999979,10.963,0.003
60093.267649000045,10.95,0.011
60093.270820999984,11.005,0.011
60093.27455099998,10.934,0.010
60093.277139999904,10.956,0.003
60093.27739199996,10.984,0.008
60093.280720000155,10.981,0.009
60093.284132999834,10.971,0.008
60093.28754399996,10.975,0.009
60093.28769000014,10.95,0.003
60093.29095399985,10.978,0.008
60093.29410899989,10.998,0.009
60093.297425,11.003,0.008
60093.29828999983,10.942,0.003
60093.30080100009,10.991,0.008
60093.30565600004,10.99,0.009
60093.309020000044,10.956,0.003
60093.309934999794,10.983,0.008
60093.31338000018,10.959,0.008
60093.31654699985,10.972,0.008
60093.31958999997,10.937,0.003
60093.32007399993,11.003,0.008
60093.32341900002,11.0,0.008
60093.32668100018,10.998,0.009
60093.33004999999,10.955,0.003
60093.33008099999,10.964,0.008
60093.3333970001,10.956,0.008
60093.33677300019,10.977,0.007
60093.33960099984,10.978,0.009
60093.34059000015,10.933,0.003
60093.34344800003,10.974,0.007
60093.347219000105,10.984,0.007
60093.35112999985,10.955,0.003
60093.35303799994,10.98,0.007
60093.35588999977,10.986,0.026
60093.35640300019,10.97,0.007
60093.35973899998,10.975,0.008
60093.36165999994,10.949,0.003
60093.362614000216,10.952,0.009
60093.36643899977,10.99,0.008
60093.36986100022,10.987,0.008
60093.3731300002,11.006,0.007
60093.376457999926,11.037,0.008
60093.379821000155,10.98,0.009
60093.38279999979,10.95,0.003
60093.38312799996,10.993,0.007
60093.38660799991,10.99,0.007
60093.39253199985,11.016,0.008
60093.39578999998,10.989,0.007
60093.400131000206,10.984,0.007
60093.4037299999,10.939,0.003
60093.40472699981,10.985,0.007
60093.40811200021,10.984,0.007
60093.411121999845,10.967,0.009
60093.41417999985,10.943,0.003
60093.414747000206,10.981,0.007
60093.4181400002,10.983,0.007
60093.421447,10.973,0.007
60093.42468999978,10.94,0.003
60093.42482399987,10.987,0.007
60093.4281299999,10.975,0.007
60093.43184599979,10.981,0.007
60093.43526999978,10.944,0.003
60093.43786500022,10.962,0.008
60093.44167299988,10.984,0.008
60093.44470799994,10.99,0.007
60093.44573999988,10.945,0.003
60093.44808600005,10.979,0.007
60093.45141000021,10.988,0.007
60093.45479100011,10.987,0.008
60093.457957000006,10.977,0.008
60093.461416000035,10.983,0.008
60093.46473499993,10.987,0.009
60093.87202699995,10.958,0.004
60093.874574000016,10.951,0.002
60093.8885499998,10.905,0.004
60093.8936999999,10.886,0.004
60093.89589999989,10.887,0.004
60093.898099999875,10.89,0.004
60093.90029999986,10.883,0.004
60093.90249999985,10.891,0.004
60093.9381599999,10.936,0.002
60093.93961799983,10.941,0.002
60093.94107600022,10.946,0.002
60093.94253499992,10.948,0.002
60093.94399299985,10.935,0.002
60093.94543999992,10.947,0.002
60093.94690999994,10.948,0.002
60093.94836799987,10.948,0.002
60094.14723900007,10.977,0.015
60094.1518910001,10.979,0.010
60094.15291999979,10.965,0.006
60094.15616999986,10.962,0.006
60094.156601999886,10.975,0.009
60094.15943,10.962,0.006
60094.161495000124,10.97,0.010
60094.162719999906,10.958,0.006
60094.16601999989,10.961,0.006
60094.16732000001,10.969,0.010
60094.16928000003,10.951,0.006
60094.1725300001,10.957,0.006
60094.173462999985,10.974,0.009
60094.175789999776,10.961,0.006
60094.1780559998,10.967,0.009
60094.17903999984,10.955,0.006
60094.182299999986,10.957,0.006
60094.18287200015,10.978,0.009
60094.18763400009,10.981,0.010
60094.19238500018,10.972,0.009
60094.19720500009,10.966,0.011
60094.20193800004,10.972,0.010
60094.2067809999,10.979,0.009
60094.21289800014,10.982,0.010
60094.21857000003,10.981,0.009
60094.21863000002,10.962,0.010
60094.22359499987,10.969,0.010
60094.22837400017,10.947,0.011
60094.2329549999,10.958,0.011
60094.23812100012,10.954,0.011
60094.24303600006,10.937,0.013
60094.24741900014,10.948,0.012
60094.252115999814,10.93,0.013
60094.257708999794,10.989,0.016
60094.264322999865,10.975,0.015
60094.26881999988,10.997,0.013
60094.27433599997,10.932,0.018
60094.27826299984,10.903,0.022
60094.282883000094,10.97,0.018
60094.2883700002,10.962,0.017
60094.29372800002,10.992,0.023
60094.29829100007,11.066,0.023
60094.30456299987,10.95,0.013
60094.309473999776,10.881,0.015
60094.31385099981,11.004,0.018
60094.31798500009,11.157,0.001
60094.31942899991,10.947,0.018
60094.321609999985,10.954,0.029
60094.32881999994,10.98,0.010
60094.33330400009,10.925,0.010
60094.340904000215,10.967,0.009
60094.34536400018,10.966,0.010
60094.35044900002,10.974,0.010
60094.35502200015,10.952,0.009
60094.3597769998,10.965,0.008
60094.36428700015,10.971,0.008
60094.369374,10.97,0.009
60094.374137999956,10.934,0.011
60094.37953499984,10.965,0.009
60094.38615800021,10.975,0.007
60094.3910050001,10.953,0.007
60094.39586299984,10.965,0.008
60094.40048700012,10.958,0.007
60094.40548299998,10.975,0.007
60094.41001500003,10.951,0.007
60094.41481100023,10.973,0.007
60094.41958299978,10.965,0.007
60094.42540600011,10.954,0.007
60094.43194400007,10.971,0.007
60094.43746999977,10.962,0.007
60094.44231100008,10.963,0.007
60094.4471280002,10.962,0.007
60094.45186599996,10.966,0.007
60094.45662399987,10.962,0.008
60094.46135400003,10.96,0.008
60094.46607000008,10.966,0.009
60094.87097099982,10.954,0.004
60094.90023999987,10.934,0.004
60095.15580999991,10.936,0.002
60095.165130000096,10.941,0.002
60095.174440000206,10.942,0.002
60095.21225999994,10.943,0.010
60095.27385,10.926,0.035
60095.86231000023,10.976,0.0047
60095.92431699997,10.945,0.002
60095.925774999894,10.963,0.002
60095.92723400006,10.954,0.002
60095.92869199999,10.944,0.002
60095.93013900006,10.946,0.002
60096.09190999996,10.761,0.009
60096.104350000154,10.835,0.0002
60096.15456000017,10.962,0.007
60096.15784,10.976,0.007
60096.16111999983,10.969,0.007
60096.164439999964,10.967,0.007
60096.16770000011,10.966,0.007
60096.17096999986,10.969,0.007
60096.174230000004,10.969,0.007
60096.17749000015,10.975,0.007
60096.1807599999,10.968,0.007
60096.184020000044,10.972,0.007
60096.89368000021,10.928,0.02
60096.90227300022,10.9524,0.0171
60096.90771700023,11.0005,0.0428
60096.91343000019,10.894,0.004
60096.95081999991,10.991,0.0045
60097.18975999998,10.962,0.011
60097.90437000012,10.949,0.004
60097.96877299994,11.009,0.002
60097.97023099987,11.038,0.002
60097.98086800007,11.002,0.002
60097.98231500015,10.988,0.002
60098.15628999984,11.003,0.008
60098.15954999998,11.002,0.008
60098.162810000125,11.005,0.008
60098.16611000011,10.997,0.008
60098.169369999785,10.994,0.008
60098.17262999993,11.007,0.008
60098.175879999995,11.014,0.008
60098.17914000014,11.006,0.008
60098.18244000012,11.017,0.008
60098.1857400001,11.01,0.008
60098.189869999886,10.972,0.010
60098.818008999806,10.988,0.031
60098.81865700008,10.988,0.036
60098.819306000136,10.984,0.047
60098.81995399995,10.989,0.042
60098.89905499993,11.003,0.002
60098.89943300001,11.003,0.002
60098.89980999986,10.995,0.002
60098.926748000085,11.038,0.032
60098.927951000165,11.03,0.015
60098.92915500002,11.005,0.002
60098.930612999946,11.0,0.002
60098.93207200011,11.011,0.002
60098.93353000004,11.009,0.002
60098.93497700011,11.018,0.002
60099.15024900017,11.08,0.009
60099.15848200023,11.076,0.008
60099.16417700006,11.072,0.007
60099.166189999785,11.015,0.008
60099.16948000016,11.022,0.008
60099.169906999916,11.092,0.008
60099.172739999834,11.024,0.008
60099.17565899994,11.083,0.008
60099.17599999998,11.021,0.008
60099.17926000012,11.025,0.008
60099.18134699995,11.076,0.008
60099.18251000019,11.023,0.008
60099.185769999865,11.032,0.008
60099.18709499994,11.059,0.008
60099.18903000001,11.024,0.008
60099.190150000155,10.993,0.010
60099.192319999915,11.032,0.008
60099.19281700021,11.075,0.008
60099.19558000006,11.014,0.008
60099.20029200008,11.072,0.008
60099.20635000011,11.06,0.033
60099.20690000011,11.087,0.009
60099.212733999826,11.083,0.008
60099.213260000106,11.09,0.037
60099.215559999924,11.037,0.074
60099.21780999983,11.031,0.069
60099.218291,11.071,0.008
60099.223923999816,11.061,0.009
60099.22981399996,11.011,0.008
60099.23535200022,11.056,0.009
60099.24207000015,11.07,0.008
60099.2487900001,11.067,0.009
60099.24926899979,11.074,0.008
60099.25498599978,11.062,0.008
60099.26045700023,11.113,0.009
60099.266487000044,11.055,0.008
60099.271982999984,11.088,0.009
60099.2778380001,11.079,0.008
60099.28344799997,11.045,0.008
60099.2915070001,10.994,0.008
60099.297271999996,11.06,0.009
60099.30329799978,11.063,0.009
60099.30950499978,11.043,0.009
60099.314569000155,11.091,0.008
60099.32028400013,11.041,0.008
60099.326051999815,11.082,0.008
60099.33338999981,11.08,0.008
60099.34008600004,11.09,0.008
60099.34573799977,11.072,0.008
60099.351522999816,11.082,0.008
60099.35721499985,11.08,0.008
60099.36292099999,11.071,0.008
60099.36864400003,11.085,0.008
60099.37438300019,11.077,0.009
60099.382491,11.089,0.008
60099.388218000066,11.072,0.008
60099.394532999955,11.081,0.008
60099.40200799983,11.089,0.009
60099.40744900005,11.06,0.011
60099.41345199989,11.07,0.009
60099.41918900004,11.081,0.009
60099.42487199977,11.087,0.009
60099.43062300002,11.076,0.009
60099.435961000156,11.091,0.010
60099.44545800006,11.093,0.013
60099.450916000176,11.077,0.013
60099.45686599985,11.072,0.010
60099.4618739998,11.084,0.017
60099.87300899997,10.987,0.004
60099.87338700006,10.982,0.004
60099.87376500014,10.975,0.005
60099.901140000205,10.994,0.003
60099.92092599999,11.095,0.111
60099.921736000106,11.117,0.024
60099.92373799998,11.114,0.005
60099.93610000005,11.041,0.002
60099.937557999976,11.064,0.002
60099.9390159999,11.065,0.002
60099.94047500007,11.042,0.002
60099.941932999995,11.048,0.002
60100.15781999985,11.021,0.007
60100.15843999991,11.028,0.013
60100.16107999999,11.045,0.007
60100.17408999987,11.051,0.009
60100.17735000001,11.059,0.007
60100.18063999992,11.046,0.007
60100.183889999986,11.048,0.007
60100.19108999986,11.018,0.011
60100.872554999776,11.02,0.003
60100.873660999816,11.02,0.003
60100.92826399999,11.171,0.091
60100.9298729999,11.167,0.120
60100.93226899998,11.15,0.063
60100.936296000145,11.057,0.002
60100.93774300022,11.068,0.002
60100.93920100015,11.058,0.002
60100.94065999985,11.065,0.002
60100.94211799977,11.062,0.002
60100.97759999987,11.033,0.004
60101.06681999983,11.092,0.0057
60101.18721000012,11.073,0.005
60101.1904699998,11.078,0.005
60101.19372999994,11.07,0.006
60101.19698000001,11.084,0.006
60101.200230000075,11.075,0.006
60101.20349000022,11.083,0.006
60101.907409999985,11.061,0.004
60101.936052999925,11.076,0.002
60101.9375,11.093,0.002
60101.938957999926,11.076,0.002
60101.94041700009,11.088,0.002
60101.94187500002,11.082,0.002
60102.14937999984,11.112,0.005
60102.15266000014,11.112,0.005
60102.15598999988,11.119,0.005
60102.15929999994,11.121,0.005
60102.16264000023,11.113,0.005
60102.16594000021,11.113,0.005
60102.21259000013,11.091,0.044
60102.81960600009,11.112,0.023
60102.82101899991,11.108,0.019
60102.82243099995,11.107,0.019
60102.82384299999,11.111,0.018
60102.82525500003,11.114,0.019
60102.82672500005,11.106,0.018
60102.82813700009,11.103,0.019
60102.82954900013,11.11,0.018
60102.830961000174,11.103,0.019
60102.832373000216,11.102,0.019
60102.932200000156,11.041,0.003
60102.934400000144,11.04,0.003
60102.93600700004,11.11,0.002
60102.93660000013,11.048,0.003
60102.937464999966,11.107,0.002
60102.93880000012,11.045,0.003
60102.93892400013,11.103,0.002
60102.94038200006,11.104,0.002
60102.94100000011,11.037,0.003
60102.941839999985,11.116,0.002
60103.00174000021,11.08,0.008
60103.11505000014,11.107,0.002
60103.158460000064,11.122,0.003
60103.16899000015,11.104,0.003
60103.17964999983,11.117,0.003
60103.190289999824,11.129,0.003
60103.200800000224,11.117,0.003
60103.21135,11.113,0.003
60103.21395900007,11.265,0.000
60103.21502,11.159,0.005
60103.221750000026,11.123,0.003
60103.23222000012,11.114,0.003
60103.24283999996,11.113,0.003
60103.253519999795,11.111,0.003
60103.26398999989,11.122,0.003
60103.274550000206,11.114,0.003
60103.28521999996,11.118,0.003
60103.29579999996,11.127,0.003
60103.30633000005,11.126,0.003
60103.37999999989,11.126,0.003
60103.39050000021,11.128,0.003
60103.40090999985,11.126,0.003
60103.411640000064,11.131,0.004
60103.93740800023,11.283,0.006
60103.93901300011,11.243,0.021
60103.982117000036,11.148,0.119
60103.994990000036,11.122,0.008
60103.99762699986,11.143,0.002
60103.998589999974,11.13,0.003
60103.999086000025,11.145,0.002
60104.00055600004,11.149,0.002
60104.00200199988,11.154,0.002
60104.115509999916,11.13,0.002
60104.16276000021,11.212,0.007
60104.867953000125,11.158,0.01
60104.868679000065,11.172,0.01
60104.86940599978,11.154,0.01
60104.921529999934,11.158,0.003
60104.94017399987,11.178,0.004
60104.9416319998,11.162,0.004
60104.94309000019,11.176,0.004
60104.94454899989,11.171,0.004
60104.94600699982,11.184,0.003
60105.03089200007,11.196,0.026
60105.03209599992,11.193,0.019
60105.152100000065,11.216,0.005
60105.15732999984,11.21,0.005
60105.16251000017,11.213,0.005
60105.167739999946,11.217,0.005
60105.17240000004,11.181,0.004
60105.17291999981,11.207,0.005
60105.178139999975,11.215,0.005
60105.183009999804,11.194,0.003
60105.19374000002,11.183,0.004
60105.204270000104,11.191,0.004
60105.21204000013,11.186,0.031
60105.21472000005,11.189,0.003
60105.22524000006,11.188,0.003
60105.23578999983,11.191,0.003
60105.24327499978,11.178,0.001
60105.2464399999,11.185,0.003
60105.25691,11.189,0.003
60105.267560000066,11.199,0.003
60105.27812999999,11.182,0.003
60105.28860000009,11.187,0.003
60105.299099999946,11.196,0.003
60105.37309999997,11.182,0.003
60105.383539999835,11.192,0.003
60105.39412999991,11.187,0.003
60105.40491000004,11.185,0.004
60105.415519999806,11.185,0.004
60105.42599999998,11.196,0.004
60105.89234799985,11.188,0.003
60105.89307500003,11.187,0.003
60105.89380099997,11.189,0.003
60105.93256899994,11.164,0.003
60105.933391000144,11.163,0.003
60105.934235999826,11.174,0.003
60105.93504599994,11.166,0.003
60106.096400000155,11.207,0.005
60106.86836700002,11.222,0.008
60106.86909299996,11.215,0.007
60106.8698189999,11.228,0.006
60106.908044000156,11.172,0.004
60106.908865999896,11.188,0.004
60106.90967600001,11.189,0.004
60106.910498000216,11.184,0.004
60106.99308900023,11.254,0.023
60106.99349100003,11.254,0.031
60107.17113000015,11.244,0.003
60107.18178999983,11.245,0.003
60107.19229000015,11.243,0.003
60107.20280000009,11.249,0.004
60107.213390000165,11.247,0.003
60107.223910000175,11.252,0.003
60107.24497999996,11.241,0.003
60107.25524300011,11.234,0.002
60107.255450000055,11.25,0.003
60107.82717599999,11.235,0.024
60107.827835999895,11.229,0.028
60107.82849500002,11.225,0.028
60107.82915499993,11.254,0.022
60107.82981499983,11.233,0.065
60107.90410300018,11.267,0.020
60107.90450400021,11.262,0.017
60107.92148000002,11.242,0.004
60107.92625000002,11.277,0.002
60107.927707999945,11.255,0.002
60107.92916700011,11.286,0.002
60107.93062500004,11.253,0.002
60108.08583000023,11.374,0.002
60108.16027999995,11.303,0.005
60108.165450000204,11.292,0.005
60108.170630000066,11.288,0.005
60108.17580999993,11.292,0.005
60108.18098999979,11.294,0.005
60108.18619999988,11.292,0.005
60108.194259999786,11.241,0.011
60108.875887,11.262,0.007
60108.87661200017,11.264,0.008
60108.926123000216,11.279,0.002
60108.92758100014,11.282,0.002
60108.92902800022,11.276,0.002
60108.93048600014,11.277,0.002
60108.94282800006,11.282,0.014
60108.943630999885,11.293,0.017
60109.15952999983,11.317,0.005
60109.165459999815,11.314,0.005
60109.17069000006,11.317,0.005
60109.17590000015,11.326,0.005
60109.18116000015,11.316,0.005
60109.18636999978,11.304,0.005
60109.19156999979,11.321,0.005
60109.19932000013,11.298,0.011
60109.21091500018,11.394,0.000
60109.24704999989,11.281,0.007
60109.878703000024,11.276,0.005
60109.87943099998,11.283,0.006
60109.88015800016,11.293,0.004
60109.88316700002,11.273,0.004
60109.88389200019,11.286,0.004
60109.914599999785,11.284,0.003
60109.93297499977,11.3,0.002
60109.933189,11.268,0.063
60109.93359000003,11.202,0.082
60109.93443300016,11.305,0.002
60109.93589100009,11.312,0.002
60109.93733800016,11.299,0.002
60110.19949000003,11.321,0.011
60110.897512000054,11.399,0.002
60110.90606500022,11.277,0.002
60110.90723400004,11.273,0.002
60110.90840299986,11.276,0.002
60110.90959500009,11.278,0.002
60110.93709499994,11.328,0.002
60110.93855299987,11.318,0.002
60110.940012000035,11.318,0.002
60110.94145799987,11.315,0.002
60110.99692999991,11.308,0.004
60111.155249999836,11.322,0.004
60111.15946999984,11.35,0.005
60111.164690000005,11.355,0.005
60111.165800000075,11.339,0.003
60111.16985999979,11.351,0.005
60111.17503000004,11.351,0.005
60111.17631000001,11.326,0.004
60111.180209999904,11.365,0.013
60111.18543000007,11.35,0.008
60111.186910000164,11.327,0.003
60111.19774000021,11.321,0.004
60111.20006000018,11.326,0.011
60111.208430000115,11.324,0.003
60111.23009999981,11.329,0.004
60111.24090000009,11.318,0.004
60111.25174000021,11.329,0.004
60111.262579999864,11.322,0.004
60111.27331000008,11.328,0.004
60111.284099999815,11.32,0.004
60111.369589999784,11.321,0.004
60111.380390000064,11.325,0.004
60111.40083000017,11.304,0.005
60111.41171000013,11.309,0.005
60111.86841400014,11.279,0.017
60111.86914000008,11.287,0.016
60111.944693000056,11.497,0.004
60111.95934000006,11.336,0.003
60111.96081000008,11.336,0.003
60111.96225700015,11.336,0.003
60111.965799000114,11.291,0.002
60111.966967999935,11.294,0.002
60111.96813700022,11.295,0.002
60111.96931699989,11.295,0.002
60112.08271999983,11.319,0.012
60112.195079999976,11.349,0.011
60112.25335799996,11.44,0.001
60112.81579900021,11.297,0.024
60112.81657399982,11.282,0.023
60112.81735000014,11.286,0.023
60112.81812500022,11.307,0.022
60112.81889999984,11.287,0.022
60112.88974499982,11.318,0.002
60112.890914000105,11.316,0.002
60112.892082999926,11.321,0.002
60112.89325200021,11.313,0.002
60112.908299,11.436,0.002
60113.08001000015,11.361,0.003
60113.157273000106,11.366,0.006
60113.16640100023,11.366,0.005
60113.173030999955,11.369,0.005
60113.173909999896,11.35,0.004
60113.18035000004,11.359,0.005
60113.18467999995,11.358,0.004
60113.18858100008,11.363,0.006
60113.19473099988,11.358,0.004
60113.19547000015,11.362,0.004
60113.20210500015,11.362,0.004
60113.20259999996,11.295,0.025
60113.20614999998,11.352,0.004
60113.212003999855,11.361,0.005
60113.21689999988,11.357,0.004
60113.219140000176,11.356,0.005
60113.22633199999,11.362,0.004
60113.22759999987,11.363,0.004
60113.233502000105,11.369,0.004
60113.23824999994,11.357,0.004
60113.240699999966,11.357,0.004
60113.248379,11.363,0.004
60113.248990000226,11.355,0.004
60113.25782399997,11.371,0.005
60113.2597099999,11.369,0.004
60113.26485799998,11.369,0.004
60113.27037000004,11.37,0.004
60113.2720329999,11.358,0.004
60113.279201,11.361,0.004
60113.2810800001,11.354,0.004
60113.28635099996,11.366,0.004
60113.29484499991,11.351,0.004
60113.302509999834,11.372,0.004
60113.30291099986,11.367,0.004
60113.310085000005,11.357,0.004
60113.31744799996,11.368,0.004
60113.32406000001,11.356,0.004
60113.32438200014,11.36,0.004
60113.333391999826,11.357,0.004
60113.34175099991,11.368,0.005
60113.34560000012,11.361,0.004
60113.35033399984,11.354,0.004
60113.35627999995,11.367,0.004
60113.3601259999,11.348,0.005
60113.36697999993,11.344,0.004
60113.36769200023,11.353,0.005
60113.37487500021,11.362,0.005
60113.37772000022,11.367,0.004
60113.381998999976,11.364,0.005
60113.38930100016,11.372,0.005
60113.396321000066,11.35,0.005
60113.405728000216,11.359,0.005
60113.41308199987,11.365,0.005
60113.41997499997,11.359,0.005
60113.42836500006,11.366,0.005
60113.43722099997,11.372,0.006
60113.9364120001,11.339,0.003
60113.93756899983,11.326,0.003
60113.93873800011,11.34,0.003
60113.939906999934,11.326,0.003
60114.07677999977,11.392,0.003
60114.16225000005,11.387,0.004
60114.17293999996,11.41,0.004
60114.19418000011,11.382,0.004
60114.195880000014,11.374,0.011
60114.20491999993,11.379,0.004
60114.21566999983,11.391,0.004
60114.23735000007,11.383,0.004
60114.24809999997,11.381,0.004
60114.258880000096,11.395,0.004
60114.26949999994,11.374,0.004
60114.280240000226,11.395,0.004
60114.30168000003,11.399,0.004
60114.35545000015,11.38,0.004
60114.36615000013,11.38,0.004
60114.376980000176,11.38,0.004
60114.38772,11.378,0.004
60114.839420999866,11.371,0.015
60114.840185000096,11.371,0.014
60114.84094899986,11.376,0.014
60114.84171300009,11.369,0.014
60114.84247699985,11.372,0.015
60114.88967599999,11.352,0.002
60114.89084499981,11.34,0.002
60114.89202499995,11.343,0.002
60114.893217999954,11.345,0.002
60114.91988399997,11.477,0.002
60114.951491999906,11.451,0.077
60115.12566999998,11.378,0.002
60115.19609999983,11.392,0.011
60116.15784,11.438,0.005
60116.15786200017,11.438,0.010
60116.16376799997,11.436,0.006
60116.163769999985,11.446,0.005
60116.16423999984,11.414,0.004
60116.16967999982,11.437,0.005
60116.17044699984,11.429,0.006
60116.17503000004,11.417,0.004
60116.175590000115,11.44,0.005
60116.17902800022,11.443,0.006
60116.181479999796,11.451,0.005
60116.185709999874,11.41,0.004
60116.18720899988,11.434,0.006
60116.187359999865,11.444,0.005
60116.19456000021,11.434,0.006
60116.19608000014,11.406,0.011
60116.196459999774,11.411,0.004
60116.20184700005,11.431,0.006
60116.20718999999,11.411,0.004
60116.208961999975,11.438,0.005
60116.21553800022,11.424,0.006
60116.21794999996,11.412,0.004
60116.22472300008,11.44,0.005
60116.228629999794,11.418,0.004
60116.23256500019,11.429,0.006
60116.23921999987,11.405,0.004
60116.23969599977,11.433,0.006
60116.24697200023,11.434,0.005
60116.24991999986,11.411,0.004
60116.25388399977,11.44,0.005
60116.26055999985,11.409,0.004
60116.26120499987,11.429,0.005
60116.27032699995,11.435,0.005
60116.27126999991,11.407,0.004
60116.27808499988,11.428,0.005
60116.28525700001,11.413,0.005
60116.29244800005,11.434,0.005
60116.299624999985,11.43,0.005
60116.30670899991,11.435,0.005
60116.31592300022,11.43,0.005
60116.32359800022,11.427,0.005
60116.3307500002,11.44,0.005
60116.34066000022,11.427,0.005
60116.34652000014,11.403,0.004
60116.34825300006,11.43,0.005
60116.35537200002,11.44,0.005
60116.35706999991,11.395,0.004
60116.36258699978,11.435,0.005
60116.369801000226,11.431,0.005
60116.376695999876,11.426,0.005
60116.38617900014,11.433,0.005
60116.393457000144,11.425,0.006
60116.4006810002,11.422,0.005
60116.40830599982,11.433,0.006
60116.41814299999,11.44,0.007
60116.425538000185,11.435,0.008
60116.89619000023,11.313,0.005
60117.15462999977,11.421,0.004
60117.15809000004,11.443,0.018
60117.162361999974,11.448,0.010
60117.16533999983,11.43,0.004
60117.16832600022,11.445,0.010
60117.17603999982,11.424,0.004
60117.17696199985,11.422,0.009
60117.183352999855,11.435,0.009
60117.18674999988,11.43,0.004
60117.189625000115,11.435,0.009
60117.19573199982,11.44,0.009
60117.19682000019,11.421,0.011
60117.19741000002,11.423,0.004
60117.201859999914,11.454,0.009
60117.20801999979,11.424,0.004
60117.20819299994,11.433,0.009
60117.21487199981,11.462,0.009
60117.21865000017,11.432,0.004
60117.22308100015,11.437,0.009
60117.22934000008,11.434,0.004
60117.22948200023,11.457,0.009
60117.235303999856,11.427,0.009
60117.23998000007,11.433,0.004
60117.24182499992,11.403,0.009
60117.24789000023,11.372,0.009
60117.25069000013,11.432,0.004
60117.25399600016,11.441,0.009
60117.26119800005,11.431,0.009
60117.268945000134,11.451,0.008
60117.275136999786,11.456,0.008
60117.28123500012,11.447,0.008
60117.28758100001,11.436,0.008
60117.29356499994,11.436,0.008
60117.2999590002,11.438,0.008
60117.307699,11.448,0.008
60117.3148889998,11.457,0.008
60117.32109399978,11.446,0.008
60117.32776900008,11.45,0.007
60117.3361800001,11.44,0.007
60117.336380000226,11.409,0.004
60117.343078000005,11.442,0.008
60117.34714999981,11.429,0.004
60117.34937199997,11.448,0.008
60117.35564799979,11.421,0.009
60117.357840000186,11.41,0.004
60117.36161000002,11.432,0.009
60117.36784199998,11.433,0.008
60117.36832999997,11.414,0.004
60117.375680000056,11.437,0.008
60117.37901999988,11.412,0.004
60117.38305900013,11.452,0.008
60117.38972999994,11.428,0.004
60117.39021900017,11.446,0.008
60117.397913999856,11.452,0.008
60117.40040999977,11.416,0.004
60117.404422999825,11.445,0.009
60117.40990199987,11.44,0.009
60117.41104000015,11.42,0.004
60117.417146999855,11.45,0.009
60117.421740000136,11.418,0.004
60117.42337199999,11.443,0.010
60117.43225000007,11.423,0.004
60117.443010000046,11.414,0.004
60117.911030000076,11.425,0.004
60117.91934000002,11.398,0.003
60117.92054399988,11.406,0.003
60117.92171300016,11.402,0.003
60117.922881999984,11.403,0.003
60118.217650000006,11.447,0.038
60118.242568999995,11.459,0.001
60118.247500000056,11.451,0.012
60118.822916999925,11.427,0.021
60118.823692000005,11.424,0.020
60118.82446799986,11.43,0.019
60118.82524299994,11.432,0.019
60118.826018999796,11.433,0.019
60118.90009299992,11.414,0.002
60118.9012620002,11.409,0.002
60118.902441999875,11.415,0.002
60118.90361100016,11.42,0.002
60119.00724600023,11.442,0.003
60119.00874300022,11.445,0.003
60119.01024000021,11.447,0.003
60119.01402000012,11.428,0.009
60119.150160000194,11.493,0.006
60119.1560399998,11.489,0.005
60119.16196000017,11.489,0.005
60119.167830000166,11.497,0.005
60119.17370000016,11.488,0.005
60119.17958000023,11.495,0.005
60119.196709999815,11.455,0.011
60119.900080999825,11.434,0.002
60119.9012620002,11.432,0.002
60119.902431000024,11.437,0.002
60119.90361100016,11.433,0.002
60119.90891799983,11.449,0.003
60119.90999299986,11.439,0.003
60119.91089700023,11.45,0.003
60119.916381000075,11.455,0.004
60119.91693399986,11.453,0.004
60119.92219900014,11.435,0.002
60119.92338000005,11.437,0.002
60119.923599999864,11.45,0.004
60119.92453699978,11.44,0.002
60119.92570600007,11.437,0.002
60119.9401250002,11.346,0.013
60119.94058000017,11.328,0.018
60119.94202500023,11.452,0.003
60119.94277299987,11.421,0.003
60119.94735000003,11.47,0.002
60119.94880799996,11.478,0.002
60119.95026599988,11.474,0.002
60119.95171299996,11.47,0.002
60120.09793000016,11.477,0.074
60120.10281000007,11.413,0.066
60120.11287999991,11.479,0.069
60120.17426999984,11.478,0.004
60120.18734999979,11.475,0.004
60120.196860000025,11.47,0.011
60120.2004300002,11.477,0.004
60120.21351000015,11.491,0.004
60120.22488000011,11.492,0.044
60120.22660999978,11.472,0.004
60120.2396999998,11.466,0.004
60120.25278000021,11.47,0.004
60120.823795999866,11.445,0.021
60120.82458300004,11.447,0.020
60120.82535899989,11.466,0.019
60120.826146000065,11.46,0.020
60120.826921000145,11.45,0.020
60120.90656299982,11.44,0.003
60120.90773099987,11.44,0.003
60120.90891199978,11.448,0.003
60120.91008100007,11.441,0.003
60120.91013999982,11.468,0.004
60120.910240000114,11.389,0.004
60120.91069300007,11.459,0.004
60120.91124199983,11.47,0.004
60120.91124999989,11.449,0.003
60120.912419000175,11.452,0.003
60120.9229100002,11.462,0.004
60120.931379999965,11.522,0.077
60120.94042799994,11.49,0.002
60120.94187500002,11.491,0.002
60120.943332999945,11.487,0.002
60120.94479200011,11.486,0.002
60121.166530000046,11.49,0.003
60121.17523000017,11.522,0.006
60121.18323000008,11.485,0.003
60121.1956199999,11.52,0.006
60121.19675000012,11.482,0.011
60121.199789999984,11.504,0.003
60121.20148999989,11.522,0.006
60121.207359999884,11.514,0.006
60121.2132199998,11.523,0.006
60121.21529999981,11.493,0.003
60121.219089999795,11.526,0.006
60121.22501000017,11.529,0.007
60121.23175999988,11.482,0.003
60121.24829000002,11.485,0.003
60121.32800000021,11.49,0.003
60121.34450000012,11.488,0.004
60121.36084000021,11.485,0.004
60121.37729000021,11.465,0.004
60121.3936999999,11.49,0.004
60121.81811300013,11.47,0.021
60121.820880000014,11.468,0.019
60121.828125,11.476,0.018
60121.83233800018,11.47,0.017
60121.83549800003,11.476,0.017
60121.83868099982,11.463,0.017
60121.84138899995,11.477,0.017
60121.84410900017,11.475,0.017
60121.84725699993,11.469,0.017
60121.898494999856,11.455,0.005
60121.89966400014,11.449,0.004
60121.900845000055,11.445,0.005
60121.902013999876,11.451,0.005
60121.90318300016,11.455,0.005
60121.90435199998,11.445,0.004
60121.956269999966,11.429,0.002
60122.16012000013,11.505,0.004
60122.17678999994,11.505,0.004
60122.193390000146,11.509,0.004
60122.19634999987,11.488,0.010
60122.21004999988,11.509,0.003
60122.226749999914,11.501,0.003
60122.24322000006,11.5,0.004
60122.259839999955,11.489,0.004
60122.276279999875,11.496,0.004
60122.325900000054,11.491,0.003
60122.34266000008,11.499,0.004
60122.35825000005,11.486,0.004
60122.37488000002,11.487,0.004
60122.39134000009,11.508,0.004
60122.81572900014,11.465,0.024
60122.81893499987,11.469,0.021
60122.8220139998,11.471,0.021
60122.830544000026,11.475,0.018
60122.833426000085,11.478,0.018
60122.84245399991,11.476,0.018
60122.84805600019,11.469,0.018
60122.89851900004,11.471,0.003
60122.899699000176,11.477,0.003
60122.900855999906,11.481,0.003
60122.90202500019,11.463,0.003
60122.90319400001,11.475,0.003
60122.904362999834,11.486,0.003
60122.923330000136,11.507,0.005
60123.166660000104,11.555,0.007
60123.16977000004,11.518,0.004
60123.172600000165,11.554,0.007
60123.17855999991,11.551,0.007
60123.18445000006,11.546,0.007
60123.186439999845,11.503,0.004
60123.19033000013,11.558,0.007
60123.19625000004,11.545,0.007
60123.19736000011,11.511,0.011
60123.202070000116,11.515,0.004
60123.21878000023,11.505,0.004
60123.23545000004,11.522,0.003
60123.251829999965,11.516,0.003
60123.33160000015,11.523,0.004
60123.34797,11.503,0.004
60123.364490000065,11.513,0.004
60123.381020000204,11.515,0.004
60123.39661000017,11.493,0.004
60123.83518500021,11.493,0.037
60123.83596100006,11.503,0.045
60123.83673600014,11.505,0.038
60123.837512,11.486,0.041
60123.83828700008,11.498,0.040
60123.90260400018,11.483,0.003
60123.903773,11.486,0.003
60123.90494199982,11.48,0.004
60123.906111000106,11.479,0.004
60123.90727999993,11.485,0.004
60123.90844900021,11.479,0.004
60124.15555999987,11.525,0.004
60124.17125000013,11.52,0.003
60124.18708000006,11.52,0.004
60124.196860000025,11.514,0.011
60124.20294000022,11.52,0.003
60124.21890000021,11.528,0.003
60124.23492000019,11.526,0.004
60124.250779999886,11.524,0.003
60124.26661999989,11.536,0.004
60124.29807000002,11.531,0.004
60124.81778899999,11.504,0.025
60124.81856499985,11.507,0.026
60124.81933999993,11.504,0.024
60124.820115999784,11.491,0.023
60124.820890999865,11.519,0.023
60124.82747700019,11.5,0.022
60124.8282519998,11.493,0.021
60124.829028000124,11.511,0.021
60124.829803000204,11.5,0.021
60124.83057900006,11.491,0.021
60124.90273099998,11.5,0.003
60124.9038999998,11.506,0.003
60124.90506900009,11.498,0.003
60124.90623799991,11.497,0.003
60124.907407000195,11.498,0.003
60124.908576000016,11.499,0.003
60124.91374999983,11.511,0.005
60124.938519000076,11.553,0.003
60124.939977,11.547,0.003
60124.94142400008,11.537,0.003
60124.942882,11.544,0.003
60125.1650299998,11.542,0.004
60125.16808000021,11.584,0.007
60125.1739500002,11.582,0.007
60125.179820000194,11.576,0.007
60125.18104000017,11.534,0.004
60125.18571999995,11.574,0.007
60125.19160000002,11.579,0.007
60125.19650000008,11.535,0.011
60125.19683999987,11.54,0.004
60125.197470000014,11.579,0.007
60125.210560000036,11.554,0.034
60125.21280999994,11.538,0.004
60125.228529999964,11.544,0.004
60125.24442999996,11.541,0.004
60125.254521999974,11.525,0.001
60125.26043999987,11.536,0.004
60125.276180000044,11.53,0.004
60125.825428000186,11.499,0.021
60125.82620400004,11.504,0.022
60125.82697900012,11.518,0.021
60125.82775499998,11.501,0.021
60125.82853000006,11.504,0.021
60125.833426000085,11.517,0.021
60125.834201000165,11.505,0.020
60125.83496499993,11.503,0.020
60125.835740999784,11.511,0.020
60125.836515999865,11.507,0.020
60125.9028119999,11.518,0.003
60125.903981000185,11.514,0.003
60125.9051620001,11.508,0.003
60125.90633099992,11.512,0.003
60125.90751199983,11.515,0.003
60125.90871499991,11.508,0.003
60126.1709400001,11.558,0.004
60126.18667999981,11.559,0.004
60126.19964999985,11.549,0.009
60126.20269000018,11.562,0.004
60126.21859000018,11.559,0.004
60126.2344399998,11.554,0.004
60126.821527999826,11.531,0.023
60126.824792,11.527,0.019
60126.82642399985,11.528,0.019
60126.828067000024,11.528,0.018
60126.82969899988,11.525,0.020
60126.83134299982,11.525,0.017
60126.99702499993,11.525,0.003
60126.99819400022,11.524,0.003
60126.99935200019,11.532,0.003
60127.179980000015,11.599,0.008
60127.18553700019,11.572,0.003
60127.18585000001,11.608,0.008
60127.186400000006,11.574,0.002
60127.18726200005,11.578,0.002
60127.18811400002,11.579,0.002
60127.18896399997,11.576,0.001
60127.189821999986,11.574,0.002
60127.19068299979,11.573,0.002
60127.19153399998,11.579,0.002
60127.19175000023,11.596,0.008
60127.1936499998,11.565,0.004
60127.197620000225,11.621,0.008
60127.199089999776,11.558,0.009
60127.20354000013,11.606,0.008
60127.20941000013,11.611,0.008
60127.209549999796,11.566,0.004
60127.21074000001,11.566,0.042
60127.21531999996,11.603,0.008
60127.22118999995,11.591,0.009
60127.22524000006,11.565,0.004
60127.24104999984,11.56,0.004
60127.25692000007,11.57,0.005
60127.28841000004,11.566,0.005
60127.32019999996,11.55,0.004
60127.3361800001,11.579,0.004
60127.35210999986,11.563,0.004
60127.36799000017,11.575,0.005
60127.383880000096,11.557,0.006
60127.91674999986,11.473,0.007
60127.952835999895,11.537,0.003
60127.95400500018,11.543,0.003
60127.95516199991,11.538,0.003
60127.9563310002,11.542,0.003
60127.95750000002,11.544,0.003
60127.95868099993,11.538,0.003
60128.199469999876,11.567,0.009
60128.25350400014,11.576,0.002
60128.90144699998,11.55,0.003
60128.9026159998,11.551,0.003
60128.90379599994,11.545,0.003
60128.90496500023,11.555,0.003
60128.90613400005,11.556,0.003
60128.90730299987,11.552,0.003
60128.91765000019,11.546,0.003
60128.91880800016,11.548,0.003
60128.919987999834,11.552,0.003
60128.921145999804,11.551,0.003
60128.92231500009,11.552,0.003
60128.92347199982,11.554,0.003
60129.160649999976,11.622,0.007
60129.166569999885,11.632,0.007
60129.17248000018,11.634,0.007
60129.17835000018,11.638,0.009
60129.18422000017,11.637,0.009
60129.19008000009,11.629,0.008
60129.199159999844,11.585,0.009
60129.8228699998,11.552,0.017
60129.82364600012,11.548,0.016
60129.8244210002,11.553,0.016
60129.82519700006,11.547,0.015
60129.82597200014,11.555,0.016
60129.82674799999,11.545,0.016
60129.82752300007,11.554,0.015
60129.82829899993,11.546,0.016
60129.82907400001,11.548,0.015
60129.829849999864,11.549,0.016
60129.90487299999,11.575,0.003
60129.90604199981,11.573,0.003
60129.9072110001,11.572,0.003
60129.90837999992,11.574,0.003
60129.90956000006,11.571,0.003
60129.91072899988,11.573,0.003
60130.101520000026,11.565,0.012
60130.19907000009,11.579,0.009
60130.90482599987,11.577,0.003
60130.905995000154,11.577,0.003
60130.907163999975,11.568,0.003
60130.908332999796,11.581,0.003
60130.90950200008,11.583,0.003
60130.9106709999,11.582,0.003
60130.91670700023,11.561,0.004
60130.91745499987,11.579,0.003
60130.91820400022,11.575,0.003
60130.91895199986,11.565,0.004
60130.91970100021,11.571,0.003
60130.93180999998,11.588,0.004
60131.179409999866,11.653,0.005
60131.18526999978,11.652,0.005
60131.19118000008,11.641,0.005
60131.197050000075,11.644,0.005
60131.19859999977,11.601,0.009
60131.20292000007,11.65,0.005
60131.208779999986,11.649,0.005
60131.25305899978,11.605,0.001
60131.8244909998,11.578,0.016
60131.82525500003,11.567,0.016
60131.82603000011,11.572,0.016
60131.82680599997,11.574,0.016
60131.82758100005,11.575,0.016
60131.82835600013,11.565,0.016
60131.829131999984,11.57,0.016
60131.829907000065,11.57,0.016
60131.83068299992,11.574,0.016
60131.831458,11.573,0.016
60131.879592999816,11.602,0.007
60131.879970000125,11.591,0.007
60131.899550000206,11.505,0.007
60131.9070489998,11.593,0.003
60131.908228999935,11.584,0.003
60131.90939800022,11.591,0.003
60131.91056700004,11.586,0.003
60131.91173599986,11.586,0.003
60131.91290500015,11.583,0.003
60131.93686300004,11.62,0.003
60131.938322000206,11.624,0.003
60131.93978000013,11.62,0.003
60131.94123800006,11.609,0.003
60131.98865000019,11.603,0.004
60132.14582999982,11.573,0.002
60132.19876000006,11.607,0.009
60132.211939999834,11.627,0.039
60132.23403899977,11.638,0.004
60132.41971099982,11.603,0.002
60132.437977999914,11.607,0.002
60132.828854000196,11.567,0.016
60132.82963000005,11.571,0.016
60132.83040500013,11.578,0.016
60132.83118099999,11.581,0.016
60132.83195600007,11.577,0.017
60132.83273100015,11.586,0.016
60132.833507,11.582,0.015
60132.83428200008,11.581,0.015
60132.83505799994,11.575,0.016
60132.8459950001,11.567,0.016
60132.84677099995,11.568,0.016
60132.84754600003,11.569,0.015
60132.84832199989,11.568,0.015
60132.84909699997,11.567,0.016
60132.849872999825,11.573,0.015
60132.850647999905,11.566,0.016
60132.851424000226,11.564,0.016
60132.85219899984,11.567,0.015
60132.85297500016,11.565,0.016
60132.89212899981,11.599,0.008
60132.89233400021,11.618,0.008
60132.896219999995,11.621,0.004
60132.896947000176,11.611,0.004
60132.913040000014,11.613,0.004
60132.940961000044,11.622,0.003
60132.94241899997,11.62,0.003
60132.943876999896,11.631,0.003
60132.94533600006,11.627,0.003
60132.96134300018,11.627,0.003
60132.9628010001,11.626,0.003
60132.96425900003,11.626,0.003
60132.965718000196,11.631,0.003
60133.198450000025,11.616,0.009
60133.89209200023,11.603,0.024
60133.898206000216,11.607,0.002
60133.89972200012,11.594,0.002
60133.90123800002,11.609,0.002
60133.902766000014,11.603,0.003
60133.910405000206,11.612,0.003
60133.91192100011,11.605,0.003
60133.913437999785,11.605,0.003
60133.91495400015,11.6,0.003
60133.94684999995,11.618,0.005
60134.19868999999,11.636,0.009
60134.21429000003,11.655,0.045
60134.82115700003,11.595,0.017
60134.82193299988,11.604,0.017
60134.82270799996,11.601,0.016
60134.82348399982,11.603,0.016
60134.8242589999,11.599,0.016
60134.82503500022,11.609,0.015
60134.825809999835,11.618,0.015
60134.826586000156,11.598,0.016
60134.82736099977,11.592,0.015
60134.82813700009,11.606,0.016
60134.89025499998,11.629,0.003
60134.891782000195,11.639,0.003
60134.89282799978,11.604,0.025
60134.89329899987,11.633,0.003
60135.1220300002,11.612,0.002
60135.15517000016,11.624,0.018
60135.16061400017,11.684,0.014
60135.16634800006,11.644,0.013
60135.17214100016,11.636,0.013
60135.177761000115,11.652,0.011
60135.18348299991,11.682,0.012
60135.18918999983,11.643,0.011
60135.19696900016,11.649,0.011
60135.19822000014,11.646,0.008
60135.20316899987,11.683,0.011
60135.20900399983,11.668,0.013
60135.21467499994,11.708,0.012
60135.22035899991,11.618,0.013
60135.22562000016,11.614,0.014
60135.23189300019,11.66,0.012
60135.238797000144,11.636,0.011
60135.24585099984,11.667,0.012
60135.25139700016,11.657,0.012
60135.257379000075,11.637,0.012
60135.26313599991,11.672,0.014
60135.268718000036,11.643,0.012
60135.27457199991,11.617,0.012
60135.28175899992,11.633,0.002
60135.28214300005,11.693,0.013
60135.28886200022,11.694,0.013
60135.295043999795,11.69,0.012
60135.30061399983,11.658,0.012
60135.306375999935,11.683,0.012
60135.31204300001,11.658,0.012
60135.31780199986,11.681,0.012
60135.323967000004,11.644,0.013
60135.33180799987,11.68,0.012
60135.33739,11.67,0.013
60135.34328200016,11.672,0.013
60135.34874799987,11.685,0.014
60135.35491000023,11.666,0.014
60135.36132899998,11.672,0.014
60135.36711899983,11.656,0.017
60135.375384999905,11.662,0.016
60135.894280000124,11.61,0.008
60135.895579,11.637,0.003
60135.89711799985,11.627,0.003
60135.89864599984,11.63,0.003
60135.90018500015,11.627,0.003
60135.90796299977,11.632,0.003
60135.90950200008,11.628,0.003
60135.91104200017,11.623,0.003
60135.91255800007,11.629,0.003
60135.91851000022,11.65,0.004
60135.92589600012,11.598,0.004
60135.926644000225,11.6,0.004
60135.92739300011,11.592,0.004
60135.92814199999,11.603,0.004
60135.96505000023,11.522,0.015
60136.214250000194,11.669,0.040
60136.89301900007,11.63,0.023
60136.89466399979,11.637,0.003
60136.89616899984,11.639,0.003
60136.89768500021,11.637,0.003
60136.89920100011,11.635,0.003
60137.36171999993,11.648,0.009
60137.909920000006,11.655,0.004
60137.94407200022,11.625,0.004
60137.9448210001,11.623,0.003
60137.94556900021,11.641,0.003
60138.023190000094,11.525,0.009
60138.19803000009,11.669,0.008
60138.89638900012,11.662,0.002
60138.89790500002,11.663,0.002
60138.89942099992,11.659,0.002
60138.900948999915,11.66,0.002
60138.91029000003,11.655,0.005
60138.910970000084,11.557,0.007
60139.19736000011,11.683,0.008
60139.253089000005,11.686,0.002
60139.895301000215,11.672,0.002
60139.89681700012,11.668,0.002
60139.89834500011,11.664,0.002
60139.899873000104,11.672,0.002
60140.102340000216,11.662,0.009
60140.19696999993,11.693,0.008
60140.84508100012,11.671,0.019
60140.84586799983,11.664,0.019
60140.84664400015,11.671,0.019
60140.84743099986,11.653,0.019
60140.84821800003,11.675,0.019
60140.86094899988,11.665,0.018
60140.8617250002,11.659,0.019
60140.862511999905,11.66,0.019
60140.863286999986,11.653,0.020
60140.86406299984,11.659,0.020
60140.88774699997,11.71,0.047
60140.89705999987,11.686,0.002
60140.898587999865,11.685,0.002
60140.90024300013,11.68,0.002
60140.90175900003,11.689,0.002
60141.196380000096,11.71,0.008
60141.887676999904,11.71,0.020
60141.896226999816,11.702,0.003
60141.89774300018,11.716,0.004
60141.89942099992,11.69,0.003
60141.900936999824,11.699,0.003
60142.194869999774,11.719,0.008
60142.896898000035,11.707,0.003
60142.89840300009,11.705,0.003
60142.9000690002,11.706,0.003
60142.901585999876,11.704,0.003
60142.90774999978,11.72,0.004
60142.908042999916,11.707,0.035
60143.19505000021,11.723,0.009
60143.88721500011,11.716,0.010
60143.89300899999,11.717,0.003
60143.89451400004,11.721,0.003
60143.89619199978,11.73,0.003
60143.89769699983,11.715,0.003
60144.89025900001,11.652,0.084
60144.891875000205,11.735,0.003
60144.89339100011,11.732,0.003
60144.895057999995,11.741,0.003
60144.8965739999,11.737,0.003
60145.08692000015,11.731,0.008
60145.19512999989,11.756,0.008
60145.88313699979,11.744,0.003
60145.88464100007,11.751,0.003
60145.886285000015,11.746,0.003
60145.887238000054,11.843,0.024
60145.88782399986,11.741,0.003
60145.88818999985,11.774,0.006
60146.19431999978,11.774,0.008
60146.23239699984,11.784,0.002
60146.889800000004,11.674,0.0099
60146.890180000104,11.666,0.0097
60146.8905600002,11.67,0.0097
60146.89093999984,11.668,0.0098
60146.89131999994,11.689,0.0100
60146.91650500009,11.758,0.003
60146.91802099999,11.767,0.003
60146.919699000195,11.766,0.003
60146.92120399978,11.763,0.003
60147.201400000136,11.84,0.036
60147.22221999988,11.781,0.009
60147.8824649998,11.785,0.003
60147.88399299979,11.791,0.003
60147.885660000145,11.778,0.003
60147.8871869999,11.788,0.003
60147.88752300013,11.882,0.289
60148.066610000096,11.84,0.008
60148.191269999836,11.798,0.009
60148.880601999816,11.801,0.003
60148.88211800018,11.806,0.003
60148.88378500007,11.801,0.003
60148.88530099997,11.799,0.003
60148.88731400017,11.72,0.147
60149.076189999934,11.781,0.005
60149.88139999984,11.853,0.003
60149.88292799983,11.855,0.003
60149.884583000094,11.853,0.003
60149.88611100009,11.854,0.003
60150.06799999997,11.867,0.003
60150.19146999996,11.836,0.009
60150.97335600015,11.87,0.003
60150.97488400014,11.872,0.003
60150.97638900019,11.857,0.003
60150.977917000186,11.86,0.003
60151.15085399989,11.899,0.013
60151.158371000085,11.865,0.012
60151.16502599977,11.856,0.012
60151.17170999991,11.838,0.011
60151.17845000001,11.834,0.011
60151.185035999864,11.899,0.012
60151.19220700022,11.824,0.011
60151.192509999964,11.848,0.008
60151.20096600009,11.843,0.011
60151.207663000096,11.877,0.012
60151.21431900002,11.896,0.012
60151.2206199998,11.892,0.013
60151.23418499995,11.912,0.023
60151.245190999936,11.918,0.036
60151.252038999926,11.892,0.032
60151.25671100011,11.881,0.012
60151.268809999805,11.905,0.015
60151.27619800018,11.884,0.023
60151.282215999905,11.897,0.017
60151.287372999825,11.934,0.035
60151.88186299987,11.903,0.003
60151.88336799992,11.916,0.003
60151.88487299997,11.903,0.003
60151.886376999784,11.902,0.003
60151.88730299985,11.925,0.011
60152.115009999834,11.854,0.002
60152.19071000023,11.866,0.008
60152.87965299981,11.93,0.003
60152.8803989999,11.925,0.014
60152.8811809998,11.922,0.003
60152.88268500008,11.923,0.003
60152.88420099998,11.92,0.003
60153.08116000006,11.862,0.005
60153.19132000022,11.897,0.008
60153.215900000185,11.93,0.045
60153.232555999886,11.913,0.002
60153.80615000008,11.912,0.0109
60153.88048599986,11.956,0.003
60153.88201399986,11.962,0.003
60153.88263999997,11.917,0.005
60153.88366900012,11.963,0.003
60153.88518500002,11.953,0.003
60154.189809999894,11.918,0.008
60154.23812500015,11.98,0.004
60154.88042300008,12.042,0.014
60154.88173600007,11.975,0.003
60154.88322900003,11.979,0.003
60154.88491899986,11.979,0.003
60154.886435000226,11.978,0.003
60154.8867899999,11.948,0.004
60154.91325399978,11.938,0.005
60154.91400300013,11.921,0.004
60154.91475099977,11.94,0.004
60155.18873000005,11.946,0.010
60155.880394000094,11.998,0.003
60155.88191,12.001,0.003
60155.8835880002,11.998,0.003
60155.8851040001,12.004,0.003
60155.919139999896,11.976,0.051
60156.87483800016,12.029,0.003
60156.876354000065,12.028,0.003
60156.878031999804,12.02,0.003
60156.879536999855,12.03,0.003
60157.18877999997,11.997,0.008
60157.81401999993,12.06,0.0164
60157.873321999796,12.05,0.003
60157.87483800016,12.05,0.003
60157.87648099987,12.074,0.003
60157.87802099995,12.055,0.003
60158.188889999874,12.036,0.008
60158.881169000175,12.099,0.003
60158.88268500008,12.105,0.003
60158.884362999815,12.103,0.003
60158.88586799987,12.101,0.003
60159.07499000011,12.033,0.005
60159.18712999998,12.076,0.008
60159.23811300006,12.102,0.006
60159.873461000156,12.155,0.003
60159.87497700006,12.153,0.003
60159.87659699982,12.15,0.003
60159.87810199987,12.146,0.003
60159.8957270002,12.093,0.005
60159.89647499984,12.089,0.004
60159.89722400019,12.088,0.004
60160.17917999998,12.167,0.029
60160.18704999983,12.16,0.044
60160.196090000216,12.123,0.008
60160.211806999985,12.071,0.002
60160.873565000016,12.209,0.003
60160.87506899983,12.21,0.003
60160.87673600018,12.214,0.003
60160.87824100023,12.197,0.003
60160.88189999992,12.193,0.006
60161.86669000005,12.281,0.003
60161.868193999864,12.294,0.003
60161.86983799981,12.288,0.003
60161.87135400018,12.293,0.003
60162.21432999987,12.274,0.009
60162.87168999994,12.399,0.003
60162.873205999844,12.392,0.003
60162.874861000106,12.395,0.003
60162.87637700001,12.397,0.003
60162.89557000017,12.356,0.046
60162.929210000206,12.373,0.008
60163.86543999985,12.486,0.007
60163.86919299979,12.52,0.018
60163.87138900021,12.534,0.004
60163.87290500011,12.529,0.004
60163.87458299985,12.542,0.004
60163.876099999994,12.53,0.004
60163.88804000011,12.523,0.067
60164.18685000017,12.566,0.038
60164.212050000206,12.505,0.009
60164.8039119998,12.588,0.017
60164.80538199982,12.599,0.018
60164.806851999834,12.587,0.018
60164.80832199985,12.589,0.017
60164.80979199987,12.59,0.017
60164.87202499993,12.681,0.005
60164.87369199982,12.682,0.005
60164.87520800019,12.67,0.005
60165.10254999995,12.626,0.004
60165.21779000014,12.643,0.009
60165.862507999875,12.807,0.060
60165.86579600023,12.743,0.007
60165.86654399987,12.748,0.007
60165.86729300022,12.703,0.007
60165.87888000021,12.782,0.006
60165.91070599994,12.821,0.005
60165.912186999805,12.82,0.005
60165.91365699982,12.815,0.005
60166.231250000186,12.794,0.010
60166.86792800017,12.972,0.006
60166.869491000194,12.957,0.006
60166.87116899993,12.976,0.006
60166.87270799978,12.975,0.006
60166.873606000096,12.95,0.007
60166.880245000124,12.946,0.006
60166.89057999989,12.919,0.007
60166.91000000015,12.899,0.072
60166.94452399993,12.837,0.010
60166.945272999816,12.83,0.011
60166.946769999806,12.839,0.008
60167.19075000007,13.007,0.029
60167.87135400018,13.098,0.005
60167.87287000008,13.108,0.005
60167.87450199993,13.081,0.005
60167.876019000076,13.075,0.005
60168.18000000017,13.099,0.034
60168.1898500002,13.025,0.011
60168.202730999794,13.114,0.007
60168.255297000054,13.085,0.004
60168.864235999994,13.199,0.005
60168.865751999896,13.191,0.005
60168.86739599984,13.181,0.005
60168.86893500015,13.189,0.005
60168.92316999985,13.164,0.010
60169.109850000124,13.118,0.003
60169.20667999983,13.116,0.012
60169.860578999855,13.18,0.009
60169.86132699996,13.192,0.011
60169.8630090002,13.275,0.005
60169.8645250001,13.283,0.005
60169.8661460001,13.269,0.005
60169.867662000004,13.275,0.005
60169.869899999816,13.188,0.005
60169.87998999981,13.214,0.008
60170.20965000009,13.183,0.013
60170.86486099986,13.329,0.006
60170.86637700023,13.326,0.006
60170.86805600021,13.321,0.006
60170.86957200011,13.326,0.006
60171.20831000013,13.237,0.011
60171.86429399997,13.375,0.007
60171.86579900002,13.381,0.007
60171.867430999875,13.382,0.007
60171.86894699978,13.377,0.007
60171.912339999806,13.337,0.012
60172.095160000026,13.279,0.006
60172.11456000013,13.237,0.014
60172.20752000017,13.279,0.011
60172.864329,13.404,0.006
60172.865844999906,13.412,0.006
60172.86752300011,13.407,0.006
60172.86903900001,13.408,0.006
60172.872919999994,13.337,0.010
60173.250969999935,13.309,0.011
60173.86449099984,13.443,0.006
60173.86599500012,13.418,0.006
60173.86764999991,13.435,0.006
60173.869167000055,13.421,0.006
60174.887337999884,13.455,0.006
60174.888842999935,13.456,0.006
60174.890486000106,13.457,0.006
60174.89199100016,13.445,0.006
60175.279329999816,13.338,0.012
60175.85183000006,13.415,0.010
60175.862743000034,13.385,0.016
60175.86437499989,13.47,0.007
60175.86589099979,13.473,0.007
60175.8675350002,13.465,0.006
60175.869063000195,13.476,0.006
60176.09990999987,13.352,0.008
60176.86017000023,13.425,0.010
60176.861887000035,13.485,0.007
60176.862610000186,13.376,0.020
60176.863390999846,13.484,0.006
60176.86504600011,13.488,0.007
60176.866562999785,13.5,0.007
60177.85553199984,13.398,0.011
60177.85628100019,13.399,0.010
60177.8636690001,13.503,0.006
60177.86517400015,13.503,0.007
60177.86686300021,13.498,0.007
60177.86837999988,13.499,0.007
60178.095540000126,13.391,0.011
60178.85024000006,13.439,0.010
60178.85498799989,13.521,0.006
60178.85649299994,13.517,0.006
60178.858124999795,13.515,0.006
60178.85964100016,13.511,0.006
60178.88170300005,13.593,0.015
60178.88320000004,13.572,0.011
60179.11946000019,13.409,0.010
60179.8278239998,13.522,0.022
60179.85509299999,13.521,0.007
60179.85564999981,13.474,0.015
60179.8565969998,13.542,0.007
60179.858252000064,13.512,0.007
60179.859769000206,13.549,0.007
60179.89030400012,13.413,0.010
60179.891053,13.418,0.012
60180.19576000003,13.406,0.012
60180.82850799989,13.492,0.019
60180.85693300003,13.539,0.007
60180.85843699984,13.562,0.007
60180.86008099979,13.538,0.007
60180.86158599984,13.549,0.007
60181.19639999978,13.429,0.012
60181.23450300004,13.415,0.007
60181.839989999775,13.465,0.011
60182.229799999855,13.443,0.012
60182.863958000205,13.572,0.009
60183.16991000017,13.464,0.013
60183.82406000001,13.6,0.02
60183.82943900023,13.575,0.007
60183.83915300015,13.451,0.014
60183.841399000026,13.444,0.013
60183.86552100023,13.588,0.009
60183.867037000135,13.57,0.009
60184.111060000025,13.428,0.009
60184.196229999885,13.453,0.013
60184.84392399993,13.599,0.008
60184.845428000204,13.585,0.008
60184.847118000034,13.586,0.008
60184.855239999946,13.61,0.02
60185.06348000001,13.46,0.018
60185.213109999895,13.461,0.014
60185.842894,13.608,0.008
60185.84442100022,13.603,0.008
60185.846076000016,13.604,0.008
60186.84261600021,13.626,0.009
60186.844132000115,13.615,0.009
60186.84577499982,13.612,0.009
60186.8756599999,13.61,0.00
60187.15916999988,13.608,0.041
60187.22281999979,13.494,0.016
60187.84277800005,13.616,0.009
60187.84429399995,13.621,0.009
60187.8459379999,13.633,0.008
60187.8727500001,13.64,0.01
60188.141631999984,13.604,0.013
60188.222839999944,13.499,0.013
60189.1949,13.523,0.010
60189.82843999984,13.551,0.024
60189.8433699999,13.545,0.020
60190.83179299999,13.528,0.010
60190.8325410001,13.525,0.012
60191.077550000045,13.518,0.019
60191.18428999977,13.544,0.009
60191.83358799992,13.535,0.011
60191.84163200017,13.655,0.008
60191.84314800007,13.658,0.008
60191.84387800004,13.611,0.011
60191.84482599981,13.659,0.008
60191.84537599981,13.611,0.013
60191.87288200017,13.684,0.011
60191.874421000015,13.657,0.011
60191.87597199995,13.652,0.011
60192.09528000001,13.536,0.011
60192.150859999936,13.66,0.043
60192.18377,13.541,0.009
60192.838010000065,13.566,0.013
60192.86669000005,13.678,0.013
60192.86824099999,13.67,0.013
60192.869791999925,13.701,0.013
60193.182200000156,13.558,0.009
60193.25570400013,13.607,0.008
60193.82288100012,13.718,0.031
60193.83729800023,13.622,0.011
60193.838047000114,13.624,0.010
60194.18110000016,13.568,0.009
60194.81253700005,13.551,0.014
60194.833198999986,13.679,0.032
60194.83802600019,13.661,0.010
60194.83877399983,13.669,0.013
60195.162810000125,13.577,0.009
60195.82993099978,13.706,0.007
60195.83144700015,13.687,0.007
60195.833101999946,13.693,0.007
60196.17986000003,13.595,0.010
60196.8263249998,13.649,0.017
60196.827074000146,13.649,0.015
60196.829919000156,13.706,0.007
60196.83144700015,13.699,0.007
60196.833079,13.7,0.007
60197.810329,13.65,0.026
60197.817220000084,13.638,0.018
60197.82996500004,13.717,0.007
60197.83147000009,13.733,0.007
60197.83312499989,13.705,0.008
60198.17786000017,13.593,0.009
60198.828714999836,13.717,0.007
60198.83021999989,13.718,0.008
60198.83185200021,13.734,0.008
60198.833279999904,13.607,0.014
60199.012480000034,13.577,0.016
60199.162219999824,13.626,0.009
60199.82986100018,13.729,0.008
60199.83136600023,13.728,0.008
60200.17519999994,13.621,0.009
