MJD,mag,uncert
60084.22854000004,13.449,0.029
60084.24103000015,13.513,0.010
60084.87410200015,11.995,0.018
60084.93965600012,11.97,0.009
60085.03906199988,11.93,0.003
60085.04138900014,11.931,0.003
60085.04379600007,11.931,0.003
60085.04611099977,11.919,0.003
60085.048762000166,11.929,0.003
60085.05109999981,11.937,0.003
60085.05340299988,11.936,0.003
60085.055949000176,11.937,0.003
60085.058263999876,11.92,0.003
60085.06057900004,11.913,0.003
60085.13853000011,11.73,0.002
60085.14610000001,11.706,0.002
60085.18169,11.684,0.001
60085.1892599999,11.672,0.001
60085.19682000019,11.672,0.001
60085.20444,11.669,0.001
60085.21203000005,11.665,0.001
60085.21964999987,11.656,0.001
60085.227249999996,11.663,0.001
60085.231039999984,11.65,0.001
60085.23702999996,11.702,0.002
60085.8413999998,11.209,0.009
60085.84359999979,11.201,0.009
60085.84579999978,11.196,0.008
60085.87900000019,11.223,0.003
60085.88883000007,11.158,0.03
60085.89525800012,11.219,0.035
60086.08926999988,11.217,0.023
60086.10037000012,11.117,0.002
60086.10727000004,11.142,0.002
60086.114240000024,11.139,0.001
60086.12117999978,11.132,0.001
60086.12810999993,11.105,0.001
60086.13417199999,11.273,0.004
60086.13505000016,11.099,0.001
60086.140190999955,11.286,0.222
60086.141929999925,11.105,0.001
60086.14533099998,11.323,0.005
60086.14622099977,11.271,0.004
60086.14889999991,11.141,0.001
60086.150894000195,11.328,0.005
60086.1522400002,11.275,0.023
60086.152350000106,11.142,0.001
60086.15758399991,11.307,0.004
60086.158270000014,11.268,0.226
60086.16326799989,11.316,0.003
60086.16429999983,11.265,0.008
60086.16772999987,11.223,0.001
60086.169265999924,11.316,0.003
60086.17031800002,11.27,0.199
60086.17584899999,11.313,0.003
60086.17634799983,11.264,0.008
60086.179159999825,11.11,0.001
60086.182378000114,11.263,0.007
60086.182732000016,11.306,0.003
60086.186050000135,11.125,0.001
60086.189660999924,11.304,0.004
60086.19293999998,11.135,0.001
60086.19987000013,11.118,0.001
60086.20102699986,11.305,0.010
60086.20464699995,11.305,0.008
60086.206780000124,11.11,0.001
60086.21369000012,11.126,0.001
60086.2137000002,11.295,0.009
60086.21723000007,11.297,0.005
60086.22062999988,11.116,0.001
60086.22370899981,11.297,0.005
60086.22751000011,11.133,0.001
60086.23352100002,11.301,0.010
60086.245955000166,10.937,0.009
60086.25198499998,10.973,0.008
60086.258014999796,11.037,0.006
60086.264045000076,11.115,0.005
60086.27007499989,11.172,0.004
60086.27381999977,11.293,0.012
60086.276093999855,11.252,0.004
60086.282124000136,11.286,0.004
60086.28815399995,11.291,0.004
60086.29418400023,11.289,0.004
60086.42170599988,11.067,0.022
60086.440837999806,11.278,0.013
60086.45206400007,11.297,0.016
60086.465813999996,11.306,0.017
60086.47257000022,11.294,0.010
60086.91900700005,11.1509,0.0030
60086.92614000011,11.087,0.003
60086.97100700019,11.061,0.003
60086.972465000115,11.077,0.003
60086.973923999816,11.055,0.003
60086.97537000012,11.081,0.003
60086.97682899982,11.063,0.003
60086.97828700021,11.081,0.003
60086.97973399982,11.046,0.003
60086.98119200021,11.057,0.003
60086.982650000136,11.063,0.003
60086.98410899984,11.056,0.003
60087.047929999884,11.033,0.004
60087.04899699986,11.028,0.005
60087.09762000013,11.094,0.001
60087.10643999977,11.068,0.002
60087.109180000145,11.081,0.002
60087.11200999981,11.076,0.002
60087.11479000002,11.082,0.002
60087.11758999992,11.088,0.002
60087.12042000005,11.058,0.003
60087.12321999995,11.073,0.003
60087.12602999993,11.125,0.003
60087.12887000013,11.102,0.003
60087.131690000184,11.068,0.003
60087.13450999977,11.108,0.003
60087.137349999975,11.118,0.003
60087.14017000003,11.105,0.003
60087.14300000016,11.084,0.003
60087.14469899982,11.152,0.007
60087.14582000021,11.081,0.003
60087.14864999987,11.093,0.003
60087.14920900017,11.146,0.005
60087.15099099977,10.959,0.013
60087.15145999985,11.115,0.003
60087.15347799985,11.145,0.004
60087.1542799999,11.12,0.003
60087.15711000003,11.097,0.003
60087.15781599982,11.141,0.003
60087.1621170002,11.139,0.003
60087.16480999999,11.14,0.2
60087.16642299993,11.144,0.003
60087.17086300021,11.142,0.003
60087.1723600002,11.069,0.007
60087.17469999986,11.04,0.003
60087.175071999896,11.143,0.003
60087.177469999995,11.044,0.003
60087.1793709998,11.138,0.003
60087.18025000021,11.047,0.003
60087.184901,11.133,0.003
60087.19037499977,11.144,0.003
60087.19466000004,11.131,0.003
60087.198938000016,11.139,0.003
60087.202990000136,10.936,0.011
60087.20328099979,11.127,0.003
60087.207560999785,11.131,0.003
60087.21189799998,11.132,0.003
60087.21624800004,11.134,0.003
60087.22053800011,11.136,0.003
60087.22484199982,11.126,0.003
60087.23107799981,11.132,0.003
60087.23576299986,11.133,0.003
60087.24009199999,11.131,0.003
60087.24441500008,11.137,0.003
60087.24878000002,11.13,0.003
60087.25303399982,11.135,0.003
60087.25740099978,11.128,0.003
60087.26170200016,11.126,0.003
60087.26601300016,11.122,0.003
60087.270775999874,11.128,0.003
60087.27719100006,11.131,0.003
60087.28302199999,11.121,0.003
60087.28817000007,11.119,0.003
60087.29247999983,11.13,0.003
60087.296682999935,11.141,0.004
60087.301159000024,11.134,0.003
60087.30531999981,11.125,0.003
60087.30972100003,11.132,0.003
60087.31405600021,11.117,0.003
60087.31835900014,11.123,0.003
60087.32029000018,10.997,0.006
60087.32256799983,11.124,0.003
60087.329671999905,11.14,0.003
60087.33311499981,11.133,0.003
60087.337921000086,11.124,0.003
60087.342834999785,11.1,0.004
60087.35034399992,11.104,0.004
60087.356337999925,11.119,0.003
60087.3604319999,11.12,0.003
60087.36494999984,11.122,0.003
60087.3693169998,11.113,0.003
60087.37359600002,11.111,0.003
60087.377902999986,11.116,0.004
60087.38221899979,11.113,0.004
60087.38653700007,11.109,0.003
60087.39081900008,11.12,0.003
60087.39665699983,11.111,0.003
60087.40239599999,11.124,0.003
60087.406591000035,11.124,0.004
60087.41098699998,11.108,0.003
60087.415173999965,11.141,0.004
60087.419704,11.112,0.004
60087.42378999991,11.125,0.003
60087.428183999844,11.117,0.003
60087.43240799988,11.122,0.004
60087.436962000094,11.133,0.003
60087.44302499993,11.107,0.004
60087.447829000186,11.115,0.004
60087.45221999986,11.128,0.004
60087.4565150002,11.128,0.005
60087.46073599998,11.128,0.004
60087.46489199996,11.149,0.006
60087.468847999815,11.083,0.009
60087.85522999987,10.938,0.0068
60087.87337999977,10.832,0.025
60087.88544999994,10.99,0.007
60087.88580999989,10.946,0.071
60087.88626000006,10.973,0.070
60087.886710000224,10.944,0.070
60087.88714999985,10.94,0.070
60087.88760000002,10.965,0.070
60087.88805000018,10.954,0.070
60087.888499999885,10.975,0.070
60087.888939999975,10.941,0.070
60087.88939000014,10.984,0.070
60087.88983999984,10.988,0.070
60087.890279999934,10.927,0.070
60087.8907300001,10.967,0.070
60087.89117000019,10.95,0.070
60087.89161999989,10.94,0.070
60087.89166999981,10.987,0.013
60087.89207000006,10.966,0.070
60087.89251000015,10.931,0.070
60087.89295999985,10.946,0.070
60087.89341000002,10.96,0.069
60087.89385000011,10.953,0.069
60087.89429999981,10.926,0.069
60087.90777899977,10.775,0.027
60087.922890000045,11.682,0.013
60087.9292700002,10.914,0.003
60087.947523000184,10.987,0.002
60087.94898100011,11.003,0.002
60087.950428000186,11.025,0.002
60087.95188699989,11.001,0.002
60087.95334499981,11.007,0.002
60087.954803000204,10.999,0.002
60087.956261999905,11.011,0.002
60087.957708000205,10.995,0.002
60087.960940000135,10.945,0.069
60087.96138999984,10.963,0.069
60087.96182999993,10.959,0.069
60087.962280000094,10.937,0.069
60087.962729999796,10.952,0.069
60087.963169999886,10.944,0.069
60087.96362000005,10.945,0.069
60087.96407000022,10.948,0.069
60087.96451999992,10.954,0.069
60087.96496000001,10.929,0.069
60088.106333999895,11.067,0.030
60088.10781199997,11.075,0.029
60088.10929499986,11.07,0.029
60088.11012999993,10.936,0.002
60088.110776999965,11.074,0.028
60088.112257999834,11.052,0.030
60088.11374199996,11.062,0.030
60088.11499000015,10.92,0.002
60088.11522400007,11.066,0.031
60088.116460000165,10.955,0.032
60088.116702000145,11.078,0.029
60088.11818500003,11.07,0.029
60088.11966900015,11.065,0.030
60088.11981000006,10.952,0.002
60088.12114700023,11.076,0.029
60088.12262499984,11.06,0.031
60088.12410699995,11.077,0.030
60088.12467999989,10.91,0.002
60088.12888999982,11.017,0.001
60088.129490000196,10.956,0.002
60088.14333999995,10.943,0.001
60088.14572199993,11.142,0.006
60088.15078500006,11.149,0.005
60088.15612899978,11.155,0.004
60088.156529999804,10.95,0.001
60088.16123200022,11.149,0.004
60088.16645799996,11.135,0.004
60088.1685899999,10.952,0.001
60088.17171599995,11.154,0.003
60088.17696999991,11.14,0.003
60088.18174999999,10.953,0.042
60088.18276599981,11.14,0.003
60088.18982100021,11.143,0.004
60088.195115999784,11.138,0.003
60088.20033300016,11.145,0.003
60088.202200000174,10.912,0.012
60088.205537000205,11.143,0.003
60088.21088200016,11.149,0.003
60088.21611799998,11.142,0.003
60088.221346999984,11.138,0.003
60088.227390999906,11.148,0.004
60088.23365999991,11.147,0.004
60088.23971900018,11.124,0.005
60088.24491399992,11.126,0.005
60088.24984099995,11.16,0.006
60088.25523100002,11.145,0.005
60088.26026999997,11.153,0.009
60088.264746999834,11.139,0.008
60088.27205500007,11.166,0.007
60088.29682999989,11.105,0.017
60088.30864599999,11.184,0.017
60088.32452500006,11.107,0.021
60088.34666599985,11.227,0.020
60088.355037999805,11.134,0.010
60088.35960499989,11.186,0.024
60088.384637999814,11.196,0.012
60088.38969099987,11.155,0.008
60088.39373800019,11.133,0.014
60088.399830999784,11.146,0.006
60088.40754200006,11.147,0.006
60088.41230199998,11.149,0.004
60088.41785500012,11.143,0.004
60088.42045800015,11.003,0.019
60088.422892999835,11.15,0.004
60088.42917599995,11.154,0.004
60088.43610000005,11.161,0.004
60088.441248000134,11.151,0.003
60088.446618000045,11.156,0.004
60088.451832000166,11.156,0.004
60088.45776099991,11.148,0.004
60088.46418699995,11.16,0.005
60088.47040299978,11.16,0.008
60088.474386000074,11.162,0.023
60088.84934000019,11.012,0.003
60088.87748999987,10.964,0.015
60088.89411000023,10.974,0.013
60088.9197999998,10.948,0.003
60088.94784699986,11.032,0.002
60088.94929399993,11.03,0.002
60088.95075199986,11.056,0.002
60088.952211000025,11.019,0.002
60088.95366899995,11.04,0.002
60088.96029999992,11.068,0.005
60089.08332999982,11.1,0.004
60089.094140000176,11.148,0.005
60089.14546799986,11.137,0.008
60089.1494049998,11.151,0.004
60089.15304999985,11.149,0.003
60089.15703900019,11.146,0.003
60089.16100199986,11.15,0.003
60089.16445000004,11.118,0.007
60089.164940000046,11.154,0.002
60089.16771000018,11.12,0.007
60089.168841999955,11.139,0.002
60089.17096999986,11.113,0.007
60089.17276800005,11.145,0.003
60089.174230000004,11.115,0.007
60089.17564000003,10.956,0.002
60089.17666100012,11.148,0.003
60089.17750000022,11.109,0.007
60089.18066699989,11.141,0.003
60089.1807599999,11.099,0.007
60089.184020000044,11.12,0.007
60089.18632500013,11.144,0.003
60089.18732000003,11.117,0.007
60089.19058000017,11.118,0.007
60089.191079999786,11.004,0.003
60089.19115700014,11.149,0.002
60089.19388000015,11.118,0.007
60089.19506599987,11.143,0.003
60089.197399999946,11.098,0.003
60089.199016000144,11.142,0.003
60089.20295999991,11.149,0.003
60089.20488000009,11.001,0.003
60089.20688899979,11.144,0.002
60089.210845999885,11.149,0.002
60089.21477699978,11.152,0.002
60089.218706999905,11.145,0.003
60089.2191300001,11.005,0.003
60089.22264100006,11.155,0.002
60089.22279000003,11.063,0.007
60089.22669599997,11.149,0.003
60089.23285300005,11.14,0.002
60089.2334400001,11.009,0.003
60089.236823000014,11.145,0.003
60089.24092500005,11.143,0.004
60089.24500600016,11.148,0.003
60089.24727000017,11.014,0.003
60089.24878899986,11.147,0.003
60089.25258600013,11.143,0.003
60089.256998999976,11.162,0.005
60089.26023299992,11.133,0.008
60089.26122000022,11.016,0.003
60089.266253000125,11.134,0.016
60089.2690849998,11.17,0.006
60089.27267399989,11.137,0.007
60089.275169999804,11.011,0.003
60089.2774100001,11.14,0.011
60089.29411000013,11.116,0.013
60089.30254800012,11.159,0.013
60089.30353000015,11.016,0.003
60089.31549800001,11.143,0.016
60089.31742000021,11.009,0.003
60089.33593000006,10.985,0.010
60089.33646999998,11.01,0.010
60089.34107600013,11.121,0.017
60089.3435399998,11.012,0.003
60089.34871000005,11.025,0.008
60089.349429999944,11.028,0.007
60089.35014000023,11.015,0.008
60089.350850000046,11.017,0.007
60089.35158000002,11.0,0.007
60089.352289999835,10.998,0.008
60089.35300000012,10.992,0.008
60089.390904999804,11.183,0.006
60089.394921000116,11.16,0.004
60089.39836400002,11.141,0.003
60089.40491699986,11.167,0.004
60089.40919200005,11.15,0.003
60089.412653000094,11.146,0.003
60089.41669999994,11.148,0.003
60089.42227400001,11.16,0.003
60089.427070999984,11.156,0.003
60089.43097299989,11.151,0.003
60089.434851000085,11.156,0.003
60089.438796999864,11.166,0.003
60089.44273700006,11.162,0.003
60089.44664999982,11.168,0.003
60089.45156199997,11.166,0.003
60089.45850400021,11.156,0.003
60089.462385000195,11.159,0.004
60089.466349999886,11.164,0.006
60089.470005999785,11.152,0.007
60089.865989999846,11.055,0.003
60089.879300000146,11.06,0.021
60089.884209999815,10.937,0.02
60089.8927699998,11.047,0.010
60089.91172000021,11.007,0.003
60089.92163000023,11.046,0.010
60089.935039999895,11.042,0.006
60089.94461800018,11.076,0.002
60089.94606499979,11.087,0.002
60089.947523000184,11.092,0.002
60089.948969999794,11.088,0.002
60089.950428000186,11.083,0.002
60089.95188699989,11.097,0.002
60089.95334499981,11.081,0.002
60089.97238000017,11.117,0.006
60090.05669600004,11.204,0.006
60090.05695200013,11.188,0.006
60090.05720800022,11.195,0.006
60090.05746399984,11.204,0.006
60090.057719999924,11.207,0.006
60090.05797499977,11.2,0.006
60090.08405999979,11.008,0.004
60090.09540800005,11.167,0.023
60090.09758399986,11.164,0.024
60090.09763000021,11.022,0.001
60090.0997609999,11.171,0.024
60090.101937000174,11.165,0.023
60090.104114999995,11.175,0.022
60090.1062909998,11.17,0.024
60090.108467999846,11.161,0.025
60090.11064499989,11.16,0.024
60090.11282300018,11.176,0.024
60090.11500000022,11.163,0.024
60090.1171769998,11.168,0.025
60090.119355999865,11.166,0.025
60090.12153299991,11.165,0.029
60090.13076000009,11.046,0.002
60090.1400700002,11.048,0.001
60090.14937999984,11.048,0.001
60090.15650000004,11.17,0.007
60090.159760000184,11.186,0.007
60090.16301999986,11.169,0.007
60090.166280000005,11.178,0.007
60090.16956999991,11.165,0.007
60090.172830000054,11.179,0.007
60090.1760900002,11.165,0.007
60090.1793399998,11.174,0.007
60090.18164000008,11.071,0.004
60090.18259999994,11.176,0.007
60090.185860000085,11.178,0.007
60090.1961099999,11.067,0.003
60090.20238000015,11.035,0.012
60090.224969999865,11.059,0.003
60090.23928999994,11.086,0.003
60090.25296000019,11.088,0.004
60090.25368000008,11.077,0.003
60090.25369000016,11.085,0.004
60090.254399999976,11.091,0.004
60090.25511999987,11.09,0.004
60090.25584000023,11.07,0.003
60090.2625099998,11.085,0.003
60090.26322000008,11.077,0.003
60090.26395000005,11.083,0.003
60090.264669999946,11.076,0.003
60090.26538999984,11.084,0.003
60090.26800000016,11.08,0.003
60090.28219999978,11.079,0.003
60090.29650000017,11.074,0.003
60090.31077999994,11.068,0.003
60090.32490999997,11.085,0.003
60090.33894000016,11.089,0.004
60090.42116900021,11.128,0.020
60090.89289999986,11.0,0.008
60090.89509999985,11.007,0.008
60090.90600500023,11.2593,0.0028
60090.91229999997,11.113,0.010
60090.9212199999,11.174,0.006
60090.944440000225,11.134,0.039
60090.944744999986,11.14,0.002
60090.94620400015,11.14,0.002
60090.94767400017,11.139,0.002
60090.94796400005,11.18,0.037
60090.949120000005,11.13,0.002
60090.95057900017,11.144,0.002
60090.9520370001,11.15,0.002
60090.95348400017,11.151,0.002
60090.9549420001,11.148,0.002
60091.02332099993,11.224,0.057
60091.06534399977,11.281,0.005
60091.065599999856,11.274,0.006
60091.06585599994,11.277,0.005
60091.06611200003,11.256,0.006
60091.066366999876,11.278,0.006
60091.06662299996,11.288,0.005
60091.06687799981,11.267,0.006
60091.067135000136,11.279,0.005
60091.07353000017,11.225,0.006
60091.11407000013,11.091,0.001
60091.15228000004,11.111,0.004
60091.180130000226,11.111,0.004
60091.19431999978,11.101,0.004
60091.20120000001,11.115,0.010
60091.20208000019,11.085,0.012
60091.205159999896,11.112,0.019
60091.20876999991,11.118,0.004
60091.22311000014,11.113,0.003
60091.23484000005,11.164,0.002
60091.23750999989,11.125,0.004
60091.24819000019,11.099,0.013
60091.25167000014,11.114,0.004
60091.265629999805,11.118,0.004
60091.27969999984,11.124,0.003
60091.294040000066,11.135,0.004
60091.30801999988,11.111,0.004
60091.336610000115,11.125,0.004
60091.42150600022,11.189,0.021
60091.86495999992,11.129,0.003
60091.87602999993,11.028,0.02
60091.91828999994,11.138,0.010
60091.921254999936,11.5737,0.0022
60091.92968000006,11.044,0.015
60091.93002999993,11.06,0.015
60091.944980000146,11.222,0.006
60091.94538199995,11.189,0.002
60091.94683999987,11.183,0.002
60091.94829900004,11.177,0.002
60091.949756999966,11.183,0.002
60091.95120400004,11.166,0.002
60091.95266199997,11.175,0.002
60091.95411999989,11.184,0.002
60091.95557900006,11.157,0.002
60091.964509999845,11.218,0.006
60092.060324000195,11.311,0.006
60092.060579999816,11.3,0.006
60092.0608359999,11.299,0.006
60092.06109199999,11.318,0.006
60092.061348000076,11.316,0.006
60092.06160299992,11.301,0.006
60092.06185900001,11.316,0.006
60092.062115000095,11.312,0.006
60092.153500000015,11.265,0.009
60092.15675000008,11.273,0.008
60092.160010000225,11.278,0.008
60092.16325999983,11.269,0.008
60092.16651999997,11.264,0.008
60092.16977000004,11.258,0.008
60092.173020000104,11.264,0.008
60092.176320000086,11.25,0.008
60092.17957000015,11.267,0.008
60092.18282000022,11.265,0.008
60092.20374999987,11.137,0.004
60092.21767000016,11.143,0.004
60092.23179000011,11.146,0.004
60092.24617999978,11.137,0.004
60092.260660000145,11.172,0.004
60092.27521000011,11.176,0.004
60092.283040000126,11.186,0.003
60092.283040000126,11.196,0.003
60092.28379999986,11.183,0.003
60092.28379999986,11.184,0.003
60092.284570000134,11.183,0.003
60092.284570000134,11.187,0.003
60092.28531999979,11.187,0.003
60092.28531999979,11.181,0.003
60092.28607999999,11.17,0.003
60092.28607999999,11.179,0.003
60092.292770000175,11.186,0.003
60092.292770000175,11.181,0.003
60092.29346999992,11.158,0.003
60092.29346999992,11.165,0.003
60092.294209999964,11.18,0.003
60092.294209999964,11.183,0.003
60092.294939999934,11.177,0.003
60092.294939999934,11.175,0.003
60092.29569000006,11.181,0.003
60092.29569000006,11.188,0.003
60092.30366000021,11.173,0.004
60092.317910000216,11.163,0.004
60092.421910000034,11.215,0.035
60092.5825629998,11.394,0.012
60092.58269000007,11.345,0.012
60092.58294400014,11.371,0.013
60092.58307299996,11.346,0.012
60092.58320000023,11.381,0.012
60092.583329000045,11.427,0.012
60092.58345700009,11.402,0.012
60092.84976000013,11.3751,0.0104
60092.86071000015,11.155,0.003
60092.910740000196,11.156,0.006
60092.92762999982,11.261,0.006
60092.94445599988,11.217,0.005
60092.94591399981,11.265,0.006
60092.94737299997,11.237,0.004
60092.9488309999,11.208,0.003
60092.95033599995,11.213,0.003
60093.06720399996,11.324,0.006
60093.06746000005,11.322,0.006
60093.067716000136,11.316,0.006
60093.06797200022,11.328,0.006
60093.068227999844,11.314,0.006
60093.068483000156,11.318,0.006
60093.06873899978,11.314,0.006
60093.06899400009,11.325,0.006
60093.069250000175,11.325,0.006
60093.06950500002,11.323,0.006
60093.06976100011,11.306,0.006
60093.07501199981,11.253,0.032
60093.07648999989,11.253,0.036
60093.077972999774,11.269,0.029
60093.07945600012,11.255,0.039
60093.08093900001,11.252,0.033
60093.082421000116,11.247,0.028
60093.083903000224,11.257,0.029
60093.08538499987,11.274,0.038
60093.08687100001,11.257,0.029
60093.088353000116,11.248,0.036
60093.08953,11.239,0.010
60093.089836,11.28,0.047
60093.09131800011,11.252,0.044
60093.09280099999,11.267,0.030
60093.094285000116,11.252,0.031
60093.095768,11.262,0.030
60093.09725000011,11.26,0.028
60093.09873299999,11.248,0.029
60093.1002150001,11.255,0.028
60093.1017,11.257,0.030
60093.10317800008,11.248,0.030
60093.10466099996,11.256,0.029
60093.115029999986,11.144,0.001
60093.163060000166,11.287,0.009
60093.16636000015,11.271,0.009
60093.169619999826,11.279,0.009
60093.17286999989,11.283,0.009
60093.17542999983,11.217,0.004
60093.176130000036,11.28,0.009
60093.1793800001,11.285,0.009
60093.18263999978,11.288,0.009
60093.18553999998,11.219,0.006
60093.18588999985,11.275,0.009
60093.18914999999,11.282,0.009
60093.19240000006,11.281,0.009
60093.19633999979,11.211,0.004
60093.197439999785,11.116,0.005
60093.22784999991,11.221,0.004
60093.23846000014,11.21,0.004
60093.25946999993,11.217,0.004
60093.26992999995,11.226,0.004
60093.28026999999,11.214,0.004
60093.29081000015,11.212,0.004
60093.30150000006,11.223,0.004
60093.31215000013,11.21,0.004
60093.32273000013,11.208,0.004
60093.33319000015,11.219,0.004
60093.355080000125,11.244,0.038
60093.40689000022,11.22,0.004
60093.41730999993,11.233,0.004
60093.42222099984,11.2,0.020
60093.427819999866,11.223,0.004
60093.43839999987,11.228,0.004
60093.87244600011,11.294,0.003
60093.87525600009,11.294,0.003
60093.881264999975,11.293,0.003
60093.88711000001,11.257,0.008
60093.89509999985,11.115,0.011
60093.89729999984,11.11,0.011
60093.900989999995,11.195,0.069
60093.90144000016,11.227,0.069
60093.90188999986,11.192,0.069
60093.90232999995,11.205,0.069
60093.90278000012,11.214,0.069
60093.90322999982,11.205,0.069
60093.90366999991,11.185,0.069
60093.90412000008,11.213,0.069
60093.90456999978,11.217,0.069
60093.90501999995,11.199,0.069
60093.90546000004,11.189,0.069
60093.905910000205,11.211,0.069
60093.90634999983,11.205,0.069
60093.9068,11.202,0.069
60093.907250000164,11.227,0.069
60093.90768999979,11.21,0.069
60093.908139999956,11.23,0.069
60093.90859000012,11.224,0.069
60093.90903000021,11.219,0.069
60093.909479999915,11.197,0.069
60093.90993000008,11.227,0.069
60093.91037999978,11.207,0.069
60093.910819999874,11.205,0.069
60093.91127000004,11.204,0.069
60093.91172000021,11.216,0.069
60093.93600999983,11.242,0.003
60093.949860999826,11.24,0.002
60093.95131900022,11.222,0.002
60093.95276599983,11.228,0.002
60093.954224999994,11.236,0.002
60093.95568299992,11.233,0.002
60093.957129999995,11.24,0.002
60093.95858799992,11.25,0.002
60093.96004599985,11.234,0.002
60094.01317499997,11.309,0.041
60094.151819999795,11.291,0.011
60094.15507999994,11.302,0.010
60094.158330000006,11.307,0.010
60094.16161999991,11.317,0.010
60094.164880000055,11.308,0.010
60094.16818000004,11.304,0.010
60094.17144000018,11.296,0.010
60094.17468999978,11.316,0.010
60094.177949999925,11.306,0.010
60094.18119999999,11.325,0.010
60094.21698000003,11.36,0.005
60094.32593399985,11.247,0.001
60094.8725800002,11.103,0.015
60094.872919999994,11.035,0.015
60094.874809000175,11.329,0.003
60094.89880000008,11.303,0.007
60095.15958999982,11.27,0.002
60095.16891000001,11.231,0.002
60095.178239999805,11.256,0.002
60095.209480000194,11.236,0.012
60095.275899999775,11.237,0.009
60095.84959999984,11.246,0.003
60095.85300000012,11.319,0.0068
60095.87338999985,11.3855,0.003
60095.93163200002,11.311,0.002
60095.93308999995,11.336,0.002
60095.934549000114,11.321,0.002
60095.93600700004,11.317,0.002
60095.937454000115,11.327,0.002
60096.06301000016,11.192,0.009
60096.153460000176,11.385,0.012
60096.156740000006,11.374,0.012
60096.160019999836,11.379,0.012
60096.16330000013,11.373,0.012
60096.16660000011,11.372,0.012
60096.16985999979,11.378,0.012
60096.17313000001,11.379,0.012
60096.17640000023,11.373,0.012
60096.17965999991,11.388,0.012
60096.18292000005,11.355,0.012
60096.385850000195,11.274,0.004
60096.38659999985,11.291,0.004
60096.38736000005,11.296,0.004
60096.38803000003,11.295,0.004
60096.39343999978,11.303,0.004
60096.39419999998,11.313,0.004
60096.3949500001,11.305,0.004
60096.39569000015,11.302,0.004
60096.85128000006,11.291,0.003
60096.860909999814,11.306,0.0069
60096.87825699989,11.24,0.027
60096.88102399977,11.2172,0.0956
60096.88970900001,11.2833,0.0870
60096.89594000019,11.212,0.02
60096.91264999984,11.275,0.005
60097.1867399998,11.322,0.013
60097.23931000009,11.317,0.004
60097.240060000215,11.31,0.004
60097.240730000194,11.319,0.004
60097.241409999784,11.295,0.004
60097.24672999978,11.324,0.004
60097.24746999983,11.317,0.004
60097.24821999995,11.309,0.004
60097.24896,11.319,0.004
60097.28703999985,11.32,0.004
60097.2877799999,11.313,0.004
60097.288519999944,11.305,0.004
60097.28927000007,11.339,0.004
60097.853720000014,11.31,0.003
60097.8716099998,11.332,0.016
60097.87197000021,11.276,0.016
60097.878095999826,11.295,0.028
60097.902929999866,11.414,0.007
60097.97172500007,11.412,0.003
60097.9731709999,11.396,0.003
60097.98380800011,11.409,0.003
60097.98526600003,11.398,0.003
60098.03820999991,11.45,0.05
60098.06506700022,11.438,0.065
60098.066550000105,11.44,0.062
60098.068032000214,11.461,0.050
60098.06951399986,11.45,0.051
60098.070997000206,11.444,0.046
60098.07248000009,11.43,0.044
60098.0739620002,11.442,0.046
60098.07544599986,11.442,0.044
60098.07692700019,11.416,0.044
60098.078412999865,11.431,0.043
60098.0798940002,11.417,0.044
60098.155150000006,11.463,0.014
60098.158460000064,11.464,0.015
60098.16172000021,11.465,0.014
60098.16496999981,11.451,0.015
60098.16826999979,11.45,0.015
60098.171529999934,11.46,0.015
60098.17479000008,11.428,0.015
60098.17805000022,11.44,0.015
60098.18134000013,11.465,0.015
60098.18464000011,11.462,0.015
60098.1868400001,11.345,0.012
60098.4600399998,11.432,0.005
60098.46071999986,11.416,0.006
60098.46149000013,11.419,0.006
60098.46223999979,11.398,0.005
60098.85056999978,11.369,0.003
60098.90189999994,11.487,0.003
60098.90228000004,11.473,0.002
60098.90266000014,11.478,0.003
60098.90326000005,11.5618,0.0113
60098.91726000002,11.387,0.013
60098.93489000015,11.396,0.006
60098.93647000007,11.433,0.003
60098.937928,11.434,0.003
60098.939387000166,11.436,0.003
60098.940833,11.431,0.003
60098.94229200017,11.439,0.003
60099.15024900017,11.552,0.007
60099.15848200023,11.542,0.006
60099.16417700006,11.547,0.006
60099.16508999979,11.498,0.015
60099.168349999934,11.501,0.015
60099.169906999916,11.529,0.006
60099.17164999992,11.474,0.016
60099.17489999998,11.497,0.016
60099.17565899994,11.538,0.006
60099.17816000013,11.491,0.016
60099.18134699995,11.54,0.006
60099.181419999804,11.478,0.016
60099.18466999987,11.508,0.016
60099.18709499994,11.552,0.006
60099.187109999824,11.399,0.012
60099.187930000015,11.503,0.016
60099.19123,11.501,0.016
60099.19281700021,11.53,0.007
60099.194480000064,11.503,0.016
60099.194869999774,11.357,0.028
60099.20029200008,11.534,0.006
60099.20409000013,11.455,0.015
60099.20690000011,11.503,0.007
60099.212733999826,11.541,0.007
60099.218291,11.576,0.007
60099.223923999816,11.505,0.007
60099.22981399996,11.543,0.007
60099.23535200022,11.512,0.007
60099.23574999999,11.413,0.004
60099.23651000019,11.433,0.004
60099.23725999985,11.421,0.004
60099.23794999998,11.42,0.004
60099.24207000015,11.53,0.007
60099.24722999986,11.478,0.003
60099.24926899979,11.528,0.006
60099.25078999996,11.428,0.004
60099.25155999977,11.427,0.004
60099.252309999894,11.41,0.004
60099.25304999994,11.4,0.004
60099.25498599978,11.521,0.006
60099.258630000055,11.399,0.004
60099.25938999979,11.38,0.004
60099.26013999991,11.405,0.004
60099.26045700023,11.513,0.007
60099.26090000011,11.386,0.005
60099.266487000044,11.529,0.007
60099.271982999984,11.518,0.007
60099.2778380001,11.505,0.007
60099.28344799997,11.519,0.007
60099.2915070001,11.559,0.007
60099.297271999996,11.525,0.008
60099.30329799978,11.549,0.007
60099.30950499978,11.552,0.008
60099.314569000155,11.518,0.007
60099.32028400013,11.529,0.007
60099.326051999815,11.535,0.006
60099.33338999981,11.538,0.006
60099.34008600004,11.539,0.007
60099.34573799977,11.538,0.007
60099.351522999816,11.546,0.007
60099.35721499985,11.57,0.007
60099.36292099999,11.56,0.007
60099.36864400003,11.527,0.007
60099.37438300019,11.561,0.007
60099.382491,11.542,0.007
60099.388218000066,11.55,0.007
60099.394532999955,11.57,0.007
60099.40200799983,11.537,0.007
60099.40744900005,11.555,0.009
60099.41345199989,11.526,0.007
60099.41918900004,11.539,0.007
60099.42487199977,11.502,0.007
60099.43062300002,11.512,0.007
60099.435961000156,11.516,0.008
60099.44545800006,11.506,0.010
60099.450916000176,11.524,0.010
60099.45686599985,11.532,0.008
60099.4618739998,11.493,0.014
60099.46578700002,11.481,0.029
60099.875334000215,11.534,0.013
60099.87960099988,11.544,0.008
60099.89969999995,11.492,0.008
60099.91259999992,11.445,0.013
60099.92764999997,11.43,0.017
60099.943425999954,11.485,0.003
60099.94488399988,11.485,0.003
60099.94634300005,11.489,0.003
60099.94780099997,11.506,0.003
60099.9492589999,11.482,0.003
60100.15065999981,11.51,0.010
60100.15346999979,11.533,0.009
60100.15998,11.516,0.011
60100.17299999995,11.54,0.017
60100.17625000002,11.515,0.012
60100.179539999925,11.536,0.011
60100.18280000007,11.538,0.012
60100.188029999845,11.434,0.012
60100.24189999979,11.45,0.004
60100.242670000065,11.438,0.005
60100.24342000019,11.439,0.004
60100.24417999992,11.444,0.005
60100.24952000007,11.422,0.004
60100.25027000019,11.44,0.005
60100.25101999985,11.432,0.004
60100.251790000126,11.431,0.004
60100.42444700003,11.439,0.026
60100.8765329998,11.587,0.009
60100.877259000205,11.6,0.007
60100.87798599992,11.597,0.005
60100.93550000014,11.485,0.018
60100.9436110002,11.508,0.003
60100.945081000216,11.52,0.003
60100.946527999826,11.512,0.003
60100.94798600022,11.526,0.003
60100.94944400014,11.502,0.003
60100.97616000008,11.544,0.008
60101.01073999982,11.68,0.05
60101.063810000196,11.486,0.0107
60101.1861200002,11.572,0.007
60101.18937999988,11.577,0.007
60101.19262999995,11.567,0.008
60101.195880000014,11.567,0.008
60101.19914000016,11.572,0.008
60101.202390000224,11.584,0.008
60101.25164999999,11.426,0.024
60101.25199999986,11.51,0.021
60101.905970000196,11.598,0.008
60101.94336799998,11.575,0.003
60101.94481500005,11.579,0.003
60101.94627299998,11.586,0.003
60101.947743,11.584,0.003
60101.94920099992,11.564,0.003
60101.99940000009,11.66,0.05
60102.14827999985,11.622,0.009
60102.15155000007,11.611,0.008
60102.15488999989,11.623,0.007
60102.15818999987,11.617,0.007
60102.16153999977,11.618,0.007
60102.164840000216,11.62,0.007
60102.210659999866,11.494,0.002
60102.92475999985,11.587,0.008
60102.92621999979,11.584,0.016
60102.933600000106,11.516,0.007
60102.935800000094,11.522,0.007
60102.93800000008,11.514,0.007
60102.943322000094,11.62,0.003
60102.94478000002,11.62,0.003
60102.946237999946,11.612,0.003
60102.94768500002,11.62,0.003
60102.94915500004,11.618,0.003
60103.03751999978,11.62,0.05
60103.118879999965,11.598,0.003
60103.161600000225,11.629,0.005
60103.182779999916,11.612,0.005
60103.19340999983,11.618,0.004
60103.20399999991,11.686,0.005
60103.21352000022,11.721,0.003
60103.21448000008,11.651,0.005
60103.221884000115,11.582,0.001
60103.2248999998,11.606,0.004
60103.23537999997,11.589,0.004
60103.244299999904,11.564,0.004
60103.24503999995,11.596,0.003
60103.245720000006,11.583,0.003
60103.24597000005,11.613,0.005
60103.246420000214,11.569,0.004
60103.25186000019,11.601,0.004
60103.25261999993,11.564,0.004
60103.25329999998,11.57,0.004
60103.25400000019,11.59,0.004
60103.2566399998,11.634,0.005
60103.26713000005,11.626,0.006
60103.27772000013,11.634,0.005
60103.28836000012,11.663,0.005
60103.29891999997,11.628,0.005
60103.309460000135,11.631,0.005
60103.32000999991,11.657,0.005
60103.33051000023,11.641,0.005
60103.34104999993,11.591,0.005
60103.35168999992,11.623,0.005
60103.37252000021,11.576,0.005
60103.38312999997,11.642,0.005
60103.39362000022,11.637,0.005
60103.404070000164,11.632,0.005
60103.414789999835,11.641,0.006
60103.90886999993,11.625,0.019
60103.98058900004,11.799,0.018
60103.997150000185,11.68,0.007
60104.00349499984,11.669,0.004
60104.004954,11.645,0.004
60104.00641199993,11.669,0.004
60104.007859000005,11.656,0.004
60104.030569999944,11.77,0.013
60104.07414400019,11.697,0.044
60104.07562599983,11.702,0.039
60104.07710799994,11.691,0.037
60104.07859099982,11.715,0.040
60104.0800689999,11.702,0.037
60104.08155500004,11.703,0.035
60104.11930999998,11.627,0.003
60104.16128000012,11.698,0.001
60104.405910000205,11.666,0.008
60104.406589999795,11.665,0.009
60104.40726999985,11.656,0.008
60104.40803000005,11.659,0.009
60104.413480000105,11.646,0.010
60104.414150000084,11.683,0.010
60104.41483000014,11.685,0.010
60104.85576999979,11.82,0.0142
60104.87236599997,11.773,0.014
60104.87309300015,11.787,0.014
60104.87381999986,11.817,0.019
60104.91446000012,11.547,0.019
60104.91482000006,11.482,0.019
60104.918829999864,11.672,0.010
60104.920090000145,11.733,0.007
60104.94749999978,11.673,0.005
60104.94895800017,11.731,0.005
60104.95041699987,11.729,0.005
60104.95188699989,11.714,0.005
60104.95333300019,11.684,0.005
60105.00234000012,11.75,0.05
60105.15078999987,11.757,0.008
60105.15605999995,11.756,0.007
60105.16123999981,11.767,0.006
60105.166430000216,11.759,0.006
60105.17164999992,11.76,0.006
60105.1755400002,11.768,0.005
60105.176839999855,11.756,0.006
60105.18617000012,11.683,0.005
60105.196899999864,11.737,0.005
60105.2074099998,11.726,0.005
60105.21013000002,11.648,0.011
60105.21786999982,11.707,0.005
60105.228399999905,11.719,0.005
60105.238919999916,11.735,0.005
60105.240416999906,11.732,0.001
60105.249569999985,11.729,0.005
60105.260069999844,11.741,0.005
60105.27069000015,11.721,0.005
60105.281260000076,11.726,0.005
60105.291720000096,11.74,0.005
60105.30223000003,11.71,0.005
60105.31282000011,11.723,0.005
60105.32330999989,11.754,0.005
60105.333850000054,11.686,0.005
60105.34441999998,11.71,0.005
60105.354950000066,11.792,0.006
60105.3656700002,11.686,0.006
60105.376250000205,11.709,0.005
60105.386679999996,11.723,0.005
60105.39729999984,11.751,0.005
60105.408079999965,11.717,0.006
60105.41867000004,11.715,0.006
60105.4291699999,11.709,0.006
60105.85185999982,11.717,0.007
60105.89675500011,11.839,0.004
60105.89748100005,11.839,0.004
60105.89820800023,11.823,0.004
60105.93608799996,11.831,0.003
60105.93725699978,11.815,0.003
60105.938426000066,11.825,0.003
60105.939582999796,11.826,0.003
60106.099100000225,11.717,0.064
60106.2726400001,11.748,0.007
60106.27333000023,11.678,0.007
60106.27406999981,11.721,0.004
60106.27481999993,11.703,0.005
60106.2803199999,11.701,0.004
60106.28107000003,11.699,0.004
60106.281830000225,11.686,0.005
60106.87422899995,11.846,0.012
60106.87767399987,11.856,0.008
60106.87821000023,11.813,0.004
60106.87840399984,11.854,0.008
60106.88029799983,11.852,0.006
60106.91152800014,11.884,0.005
60106.912707999814,11.856,0.005
60106.913865999784,11.861,0.007
60106.91504599992,11.908,0.014
60107.174289999995,11.866,0.005
60107.18491999991,11.825,0.005
60107.19541999977,11.81,0.005
60107.20593999978,11.848,0.005
60107.21651999978,11.854,0.005
60107.22704999987,11.828,0.005
60107.23773000017,11.811,0.006
60107.248110000044,11.806,0.005
60107.25238399999,11.841,0.002
60107.258590000216,11.838,0.005
60107.30023000017,11.794,0.005
60107.31091,11.831,0.005
60107.32139000017,11.805,0.005
60107.342300000135,11.825,0.006
60107.35277999984,11.809,0.006
60107.36339000007,11.773,0.005
60107.37382999994,11.805,0.005
60107.86394000007,11.779,0.004
60107.8895899998,11.9295,0.0082
60107.92004000023,11.878,0.007
60107.92475999985,11.826,0.017
60107.93246500008,11.878,0.003
60107.93461799994,11.861,0.003
60107.936770999804,11.872,0.003
60107.93892400013,11.868,0.003
60108.07828899985,11.896,0.088
60108.079768999945,11.891,0.075
60108.081249999814,11.888,0.079
60108.08273199992,11.916,0.069
60108.08421600005,11.861,0.102
60108.08569899993,11.878,0.094
60108.08718100004,11.914,0.092
60108.08866300015,11.871,0.059
60108.08878999995,11.802,0.003
60108.09014499979,11.898,0.060
60108.091628999915,11.874,0.063
60108.093111000024,11.869,0.085
60108.09459399991,11.881,0.063
60108.096074999776,11.852,0.053
60108.097558000125,11.871,0.077
60108.15901000006,11.901,0.007
60108.16417999985,11.898,0.006
60108.169360000174,11.901,0.006
60108.174540000036,11.886,0.006
60108.1797199999,11.899,0.006
60108.18492999999,11.892,0.006
60108.19150000019,11.825,0.012
60108.27034999989,11.803,0.004
60108.27111000009,11.812,0.004
60108.27186000021,11.827,0.004
60108.282370000146,11.805,0.004
60108.28310000012,11.822,0.004
60108.28378000017,11.826,0.004
60108.85970999999,11.993,0.007
60108.86415999988,11.819,0.004
60108.87884300016,11.973,0.016
60108.8795690001,11.963,0.014
60108.89031000016,11.804,0.021
60108.89067000011,11.823,0.020
60108.91893999977,11.882,0.007
60108.932326000184,11.901,0.003
60108.93447900005,11.909,0.003
60108.93663199991,11.914,0.003
60108.93878499977,11.905,0.003
60109.00979000004,11.96,0.05
60109.07211699989,11.94,0.052
60109.07432800019,11.951,0.044
60109.075803000014,11.942,0.042
60109.07728500012,11.947,0.037
60109.07876700023,11.936,0.038
60109.079824999906,11.921,0.035
60109.08056000015,11.933,0.034
60109.15824999986,11.937,0.007
60109.16417999985,11.937,0.006
60109.169420000166,11.937,0.006
60109.17462999979,11.944,0.006
60109.179880000185,11.95,0.006
60109.18508999981,11.944,0.006
60109.190289999824,11.941,0.006
60109.191610000096,11.865,0.017
60109.21882000007,11.875,0.001
60109.24555000011,12.056,0.004
60109.87283199979,11.977,0.014
60109.873558000196,12.016,0.014
60109.90853000013,11.939,0.018
60109.91257999977,11.927,0.004
60109.91316,11.97,0.007
60109.939178000204,11.961,0.003
60109.94133100007,11.953,0.003
60109.94348399993,11.957,0.003
60109.94563699979,11.96,0.003
60110.196709999815,11.941,0.013
60110.260569999926,11.943,0.004
60110.26130999997,11.933,0.005
60110.26205000002,11.916,0.004
60110.27285999991,11.918,0.004
60110.27361000003,11.893,0.004
60110.27432999993,11.9,0.005
60110.89547500014,12.031,0.003
60110.895938000176,12.043,0.004
60110.897001999896,12.034,0.003
60110.89850699995,12.045,0.003
60110.90002299985,12.034,0.003
60110.92016999982,11.975,0.013
60110.94329900015,12.001,0.003
60110.945450999774,12.01,0.003
60110.9476040001,12.007,0.003
60110.949756999966,12.002,0.003
60110.99549000012,12.015,0.008
60111.04799999995,12.0479,0.011
60111.15819999995,12.061,0.008
60111.16342000011,12.049,0.007
60111.1685899999,12.056,0.007
60111.168920000084,12.005,0.006
60111.17377000023,12.055,0.007
60111.17894000001,12.06,0.012
60111.179440000094,12.046,0.006
60111.19003000017,12.003,0.005
60111.19713000022,11.993,0.013
60111.2008799999,12.042,0.006
60111.211550000124,12.01,0.006
60111.21842999989,11.983,0.004
60111.21915999986,11.987,0.004
60111.219909999985,11.961,0.004
60111.23072999995,11.978,0.005
60111.23149000015,11.959,0.005
60111.2322300002,11.965,0.004
60111.23323999997,12.035,0.006
60111.244030000176,12.025,0.006
60111.254910000134,12.016,0.006
60111.2657300001,12.014,0.006
60111.28725000005,12.025,0.006
60111.29784000013,12.031,0.006
60111.37274000002,12.019,0.007
60111.383539999835,12.036,0.007
60111.394249999896,12.026,0.013
60111.40396999987,12.035,0.008
60111.87063300004,12.065,0.033
60111.90266000014,11.997,0.004
60111.95987300016,12.101,0.003
60111.96139999991,12.088,0.003
60111.962917000055,12.09,0.003
60111.96409700019,12.069,0.004
60111.96444399981,12.103,0.003
60111.96626200015,12.062,0.004
60111.96841399977,12.048,0.004
60112.19229000015,12.051,0.013
60112.26130300015,12.036,0.001
60112.8769700001,12.223,0.015
60112.8769700001,12.238,0.016
60112.88351000007,12.057,0.004
60112.883830999956,12.13,0.003
60112.885323999915,12.147,0.003
60112.88685199991,12.12,0.003
60112.88836799981,12.126,0.003
60112.906725000124,12.14,0.003
60113.08288000012,12.082,0.005
60113.157273000106,12.146,0.006
60113.16640100023,12.138,0.005
60113.173030999955,12.141,0.005
60113.17707000021,12.128,0.006
60113.18035000004,12.139,0.005
60113.187839999795,12.149,0.006
60113.18858100008,12.162,0.006
60113.19473099988,12.133,0.004
60113.19860999985,12.112,0.006
60113.200800000224,12.073,0.006
60113.20210500015,12.138,0.005
60113.209100000095,12.098,0.004
60113.20928000007,12.121,0.006
60113.209830000065,12.074,0.004
60113.21057000011,12.068,0.004
60113.212003999855,12.137,0.005
60113.219140000176,12.142,0.005
60113.22002999997,12.102,0.007
60113.22141000023,12.079,0.004
60113.22214999981,12.099,0.004
60113.22287999978,12.107,0.004
60113.22633199999,12.142,0.005
60113.233502000105,12.138,0.004
60113.240699999966,12.135,0.005
60113.2413900001,12.123,0.006
60113.248379,12.146,0.004
60113.25212999992,12.117,0.006
60113.25782399997,12.139,0.005
60113.26485799998,12.146,0.004
60113.2720329999,12.148,0.004
60113.279201,12.157,0.004
60113.2842199998,12.121,0.006
60113.28635099996,12.139,0.004
60113.29484499991,12.152,0.005
60113.30291099986,12.142,0.004
60113.310085000005,12.152,0.004
60113.31744799996,12.128,0.004
60113.32438200014,12.138,0.004
60113.333391999826,12.143,0.004
60113.34175099991,12.142,0.005
60113.34874999989,12.106,0.007
60113.35033399984,12.146,0.005
60113.359410000034,12.131,0.007
60113.3601259999,12.152,0.005
60113.36769200023,12.145,0.005
60113.37487500021,12.129,0.005
60113.38085999992,12.127,0.007
60113.381998999976,12.137,0.005
60113.38930100016,12.127,0.005
60113.396321000066,12.131,0.005
60113.405728000216,12.138,0.005
60113.41308199987,12.133,0.005
60113.41997499997,12.129,0.005
60113.42836500006,12.113,0.006
60113.43722099997,12.111,0.006
60113.867860000115,12.078,0.004
60113.93048600014,12.196,0.003
60113.932002000045,12.188,0.003
60113.933507000096,12.178,0.003
60113.935023,12.193,0.003
60114.0796500002,12.114,0.005
60114.133433000185,12.181,0.024
60114.16538000014,12.162,0.006
60114.18671000004,12.227,0.006
60114.1930999998,12.152,0.012
60114.19731000019,12.153,0.006
60114.20114000002,12.152,0.004
60114.20186999999,12.142,0.004
60114.20261000004,12.111,0.004
60114.20807000017,12.188,0.006
60114.21343,12.121,0.004
60114.214159999974,12.126,0.004
60114.2149100001,12.117,0.004
60114.21880999999,12.176,0.006
60114.22965000011,12.173,0.006
60114.24047000008,12.161,0.006
60114.25124000013,12.16,0.006
60114.26201000018,12.182,0.006
60114.2726400001,12.175,0.006
60114.32635000022,12.162,0.007
60114.34787000017,12.15,0.007
60114.35858999984,12.183,0.007
60114.369320000056,12.152,0.007
60114.38014000002,12.207,0.007
60114.390879999846,12.18,0.008
60114.830769999884,12.182,0.004
60114.868300000206,12.139,0.005
60114.88376200013,12.25,0.003
60114.88526599994,12.244,0.003
60114.88678199984,12.241,0.003
60114.888298999984,12.245,0.003
60114.91829899978,12.237,0.004
60114.95130100008,12.297,0.043
60115.129439999815,12.197,0.003
60115.19315000018,12.209,0.012
60115.22363999998,12.184,0.004
60115.224390000105,12.201,0.004
60115.22513000015,12.174,0.004
60115.22978999978,12.191,0.004
60115.230520000216,12.194,0.004
60115.23126999987,12.201,0.004
60115.236630000174,12.205,0.004
60115.23737999983,12.189,0.004
60115.8684700001,12.232,0.005
60116.097260000184,12.264,0.009
60116.15634999983,12.289,0.008
60116.15786200017,12.32,0.011
60116.16232000012,12.298,0.007
60116.16376799997,12.327,0.006
60116.1682099998,12.29,0.007
60116.17044699984,12.327,0.006
60116.17414999986,12.303,0.006
60116.17902800022,12.329,0.007
60116.18002999993,12.301,0.006
60116.185920000076,12.288,0.006
60116.18720899988,12.326,0.006
60116.19332000008,12.267,0.013
60116.19456000021,12.319,0.006
60116.20184700005,12.328,0.006
60116.208961999975,12.32,0.006
60116.21553800022,12.332,0.007
60116.22108000005,12.246,0.006
60116.22472300008,12.329,0.006
60116.231769999955,12.258,0.006
60116.23256500019,12.343,0.006
60116.23969599977,12.328,0.006
60116.24236000003,12.242,0.006
60116.24239999987,12.253,0.004
60116.24313999992,12.277,0.004
60116.24389000004,12.276,0.004
60116.24697200023,12.325,0.005
60116.24843000015,12.281,0.004
60116.24917999981,12.272,0.004
60116.24990999978,12.27,0.004
60116.25306000002,12.261,0.006
60116.25388399977,12.324,0.006
60116.25447000004,12.268,0.004
60116.25522999978,12.267,0.004
60116.255969999824,12.263,0.004
60116.26120499987,12.332,0.006
60116.263689999934,12.271,0.007
60116.27032699995,12.337,0.006
60116.27442000015,12.257,0.006
60116.27808499988,12.325,0.005
60116.285149999894,12.284,0.007
60116.28525700001,12.327,0.005
60116.29244800005,12.324,0.005
60116.29578999989,12.278,0.007
60116.299624999985,12.326,0.005
60116.30659999978,12.269,0.007
60116.30670899991,12.32,0.005
60116.31592300022,12.324,0.005
60116.3174800002,12.28,0.007
60116.32359800022,12.327,0.005
60116.3307500002,12.318,0.005
60116.34066000022,12.33,0.006
60116.34825300006,12.322,0.005
60116.349640000146,12.26,0.007
60116.35537200002,12.312,0.005
60116.360230000224,12.274,0.007
60116.36258699978,12.311,0.006
60116.369801000226,12.317,0.006
60116.376695999876,12.326,0.006
60116.38617900014,12.323,0.006
60116.393457000144,12.327,0.006
60116.4006810002,12.329,0.006
60116.40830599982,12.308,0.006
60116.41814299999,12.294,0.008
60116.425538000185,12.299,0.008
60116.826530000195,12.28,0.005
60116.896600000095,12.268,0.025
60116.89681999991,12.215,0.012
60116.896949999966,12.186,0.025
60117.15778000001,12.311,0.007
60117.15809000004,12.361,0.019
60117.162361999974,12.367,0.011
60117.16832600022,12.366,0.011
60117.16847999999,12.311,0.006
60117.17696199985,12.383,0.010
60117.17920000013,12.313,0.006
60117.183352999855,12.371,0.010
60117.189625000115,12.37,0.010
60117.189900000114,12.344,0.007
60117.193870000076,12.31,0.013
60117.19573199982,12.372,0.010
60117.20054000011,12.319,0.007
60117.201859999914,12.369,0.010
60117.20819299994,12.374,0.010
60117.21114999987,12.322,0.007
60117.21487199981,12.36,0.010
60117.22177999979,12.33,0.007
60117.22308100015,12.372,0.009
60117.22948200023,12.378,0.010
60117.23247999977,12.326,0.006
60117.235303999856,12.365,0.011
60117.24182499992,12.399,0.011
60117.243110000156,12.32,0.007
60117.24789000023,12.392,0.010
60117.25382999983,12.327,0.006
60117.25399600016,12.377,0.010
60117.26119800005,12.379,0.010
60117.26464000018,12.317,0.007
60117.268945000134,12.377,0.009
60117.275136999786,12.361,0.008
60117.28123500012,12.363,0.008
60117.28758100001,12.362,0.008
60117.29356499994,12.37,0.009
60117.2999590002,12.364,0.009
60117.307699,12.365,0.009
60117.3148889998,12.356,0.008
60117.32109399978,12.345,0.009
60117.32776900008,12.358,0.008
60117.3361800001,12.376,0.008
60117.343078000005,12.36,0.008
60117.34937199997,12.365,0.009
60117.35564799979,12.367,0.010
60117.36161000002,12.351,0.010
60117.36784199998,12.354,0.009
60117.375680000056,12.355,0.009
60117.38216000004,12.331,0.008
60117.38305900013,12.35,0.009
60117.39021900017,12.339,0.009
60117.3928700001,12.305,0.008
60117.397913999856,12.348,0.009
60117.40352999978,12.342,0.008
60117.404422999825,12.357,0.010
60117.40990199987,12.352,0.010
60117.4142,12.31,0.008
60117.417146999855,12.348,0.010
60117.42337199999,12.355,0.012
60117.42487000022,12.339,0.009
60117.43543000007,12.307,0.009
60117.44617999997,12.334,0.010
60117.85480999993,12.332,0.006
60117.90958000021,12.355,0.011
60117.91342600016,12.359,0.003
60117.91493100021,12.374,0.003
60117.91644700011,12.374,0.003
60117.917975000106,12.353,0.003
60118.2157800002,12.346,0.005
60118.24456000002,12.377,0.015
60118.25049200002,12.344,0.004
60118.81968000019,12.395,0.006
60118.89415499987,12.415,0.003
60118.89567099977,12.407,0.003
60118.897175999824,12.409,0.003
60118.89870399982,12.416,0.003
60119.00098000001,12.37,0.05
60119.015240000095,12.34,0.052
60119.14870999986,12.429,0.013
60119.15458999993,12.426,0.009
60119.16047,12.429,0.008
60119.16638999991,12.428,0.007
60119.172259999905,12.425,0.007
60119.1781299999,12.429,0.007
60119.193779999856,12.413,0.013
60119.89414400002,12.445,0.003
60119.89565999992,12.456,0.003
60119.897187999915,12.443,0.003
60119.89870399982,12.452,0.003
60119.90680899983,12.457,0.004
60119.916273000184,12.465,0.003
60119.91778700007,12.478,0.003
60119.91778900009,12.449,0.003
60119.91930600023,12.447,0.003
60119.92082200013,12.451,0.003
60119.922160000075,12.464,0.008
60119.93897200003,12.387,0.024
60119.94175999984,12.403,0.004
60119.953553,12.463,0.003
60119.95570599986,12.462,0.003
60119.95785900019,12.456,0.004
60119.960012000054,12.45,0.004
60120.17932000011,12.473,0.005
60120.188620000146,12.504,0.004
60120.18936000019,12.482,0.005
60120.190099999774,12.505,0.005
60120.19240000006,12.485,0.005
60120.19391999999,12.459,0.014
60120.19474000018,12.491,0.004
60120.195499999914,12.484,0.004
60120.19623999996,12.498,0.004
60120.20079000015,12.462,0.004
60120.20154999988,12.472,0.004
60120.20228999993,12.478,0.004
60120.20546999993,12.513,0.005
60120.21855999995,12.515,0.005
60120.22307999991,12.461,0.014
60120.231639999896,12.479,0.005
60120.24475000007,12.468,0.005
60120.25785000017,12.472,0.005
60120.87868000008,12.403,0.006
60120.883340000175,12.489,0.027
60120.88370000012,12.424,0.027
60120.89758099988,12.49,0.003
60120.89908599993,12.491,0.004
60120.900601999834,12.49,0.003
60120.9021180002,12.49,0.004
60120.903657000046,12.49,0.004
60120.90517400019,12.491,0.004
60120.91104000015,12.378,0.018
60120.91401100019,12.545,0.005
60120.914739000145,12.537,0.004
60120.92146999994,12.488,0.010
60120.92759400001,12.488,0.050
60120.94662000006,12.499,0.004
60120.948772999924,12.502,0.004
60120.95092599979,12.49,0.004
60120.953089999966,12.508,0.004
60121.10008900007,12.478,0.023
60121.10331800021,12.476,0.018
60121.10654699989,12.56,0.013
60121.1097769998,12.493,0.011
60121.11300700018,12.506,0.010
60121.116235999856,12.496,0.009
60121.11946599977,12.483,0.009
60121.12269600015,12.51,0.009
60121.125924999826,12.525,0.008
60121.17378999991,12.511,0.010
60121.188620000146,12.563,0.006
60121.19382000016,12.52,0.014
60121.1941399998,12.528,0.010
60121.2000500001,12.523,0.010
60121.20516999997,12.554,0.005
60121.205920000095,12.528,0.010
60121.21178000001,12.525,0.010
60121.217650000006,12.532,0.011
60121.220730000176,12.547,0.005
60121.223569999915,12.542,0.011
60121.23714999994,12.548,0.005
60121.253670000006,12.54,0.005
60121.27027999982,12.512,0.005
60121.28586999979,12.497,0.006
60121.302529999986,12.525,0.006
60121.333430000115,12.504,0.006
60121.3498999998,12.534,0.006
60121.36624999996,12.534,0.006
60121.38268999988,12.538,0.006
60121.39912000019,12.507,0.007
60121.8646999998,12.478,0.005
60121.88954900019,12.556,0.006
60121.89106500009,12.557,0.006
60121.89258099999,12.528,0.005
60121.894086000044,12.537,0.005
60121.895601999946,12.547,0.006
60121.89710600022,12.554,0.006
60121.95708000008,12.468,0.003
60122.06730000023,12.535,0.006
60122.165510000195,12.557,0.006
60122.18221000023,12.573,0.006
60122.19334000023,12.545,0.013
60122.19878000021,12.59,0.006
60122.21543999994,12.558,0.006
60122.22361000022,12.584,0.005
60122.2243499998,12.569,0.005
60122.22509999992,12.578,0.005
60122.22958000004,12.579,0.005
60122.23032000009,12.56,0.004
60122.23106000014,12.596,0.005
60122.23213999998,12.59,0.005
60122.23559999978,12.544,0.006
60122.23633999983,12.548,0.006
60122.23708999995,12.545,0.006
60122.24860000005,12.576,0.005
60122.26523000002,12.548,0.006
60122.281680000015,12.574,0.006
60122.298179999925,12.572,0.006
60122.331309999805,12.56,0.006
60122.34806999983,12.56,0.006
60122.36367999995,12.572,0.006
60122.380299999844,12.551,0.006
60122.39674000023,12.568,0.007
60122.90607600007,12.581,0.004
60122.90828699991,12.585,0.004
60122.910498000216,12.584,0.004
60122.912719999906,12.575,0.004
60122.91493100021,12.604,0.004
60122.91714099981,12.585,0.004
60122.924130000174,12.561,0.014
60123.02082999982,12.59,0.05
60123.165209999774,12.615,0.012
60123.171140000224,12.597,0.012
60123.1751600001,12.613,0.006
60123.177120000124,12.614,0.012
60123.183000000194,12.62,0.012
60123.188889999874,12.593,0.012
60123.191839999985,12.577,0.007
60123.194199999794,12.564,0.021
60123.19480999978,12.598,0.012
60123.20746999979,12.616,0.006
60123.22418999998,12.61,0.006
60123.2408400001,12.584,0.006
60123.25174999982,12.608,0.006
60123.25251000002,12.6,0.005
60123.25325000007,12.612,0.005
60123.25779999979,12.6,0.005
60123.258539999835,12.616,0.006
60123.25928999996,12.59,0.005
60123.26391999982,12.586,0.005
60123.264669999946,12.581,0.005
60123.26540999999,12.606,0.005
60123.28941999981,12.61,0.007
60123.30508999992,12.602,0.006
60123.32154999999,12.59,0.006
60123.35338999983,12.609,0.007
60123.36988000013,12.607,0.007
60123.38645000011,12.622,0.007
60123.40204000007,12.576,0.007
60123.8898260002,12.596,0.004
60123.89203700004,12.61,0.004
60123.8942590002,12.612,0.004
60123.896470000036,12.618,0.004
60123.89869200019,12.599,0.004
60123.90089099994,12.61,0.004
60123.90797000006,12.585,0.005
60124.16094999993,12.647,0.006
60124.17665999988,12.641,0.006
60124.19248999981,12.663,0.006
60124.19383999985,12.644,0.013
60124.20832000021,12.643,0.006
60124.22428999981,12.655,0.006
60124.24034000002,12.657,0.006
60124.24462000001,12.598,0.004
60124.24536000006,12.604,0.005
60124.24611000018,12.624,0.005
60124.250680000056,12.605,0.004
60124.2514200001,12.612,0.020
60124.252170000225,12.613,0.004
60124.256790000014,12.592,0.005
60124.25754000014,12.608,0.005
60124.258280000184,12.617,0.004
60124.25975599978,12.614,0.002
60124.26348799979,12.614,0.001
60124.272040000185,12.659,0.006
60124.2877799999,12.668,0.006
60124.30347000016,12.677,0.007
60124.86387,12.608,0.005
60124.88995399978,12.655,0.004
60124.89215299999,12.645,0.004
60124.894386999775,12.648,0.004
60124.89658599999,12.653,0.004
60124.89879600005,12.635,0.004
60124.9009949998,12.638,0.004
60124.91231000004,12.665,0.016
60124.94476900017,12.663,0.006
60124.94693299988,12.687,0.005
60124.94907400012,12.655,0.005
60124.95122699998,12.677,0.005
60125.063219999894,12.663,0.006
60125.16660000011,12.658,0.012
60125.17042999994,12.683,0.007
60125.172509999946,12.679,0.012
60125.17837999994,12.676,0.012
60125.18428000016,12.674,0.012
60125.190150000155,12.669,0.012
60125.1936499998,12.695,0.014
60125.196030000225,12.691,0.012
60125.20222999994,12.685,0.006
60125.20875000022,12.678,0.008
60125.21818999993,12.692,0.007
60125.24494000012,12.657,0.005
60125.24568000017,12.65,0.005
60125.246429999825,12.658,0.005
60125.251060000155,12.653,0.005
60125.25180999981,12.645,0.005
60125.25254999986,12.634,0.005
60125.259800000116,12.666,0.005
60125.260410000104,12.643,0.005
60125.26103999978,12.67,0.005
60125.26242600009,12.669,0.006
60125.28157000011,12.711,0.008
60125.29719999991,12.688,0.007
60125.31290999986,12.663,0.007
60125.86383000016,12.634,0.008
60125.89001200022,12.706,0.004
60125.89222199982,12.686,0.004
60125.89442100003,12.697,0.004
60125.896643999964,12.685,0.004
60125.89885400003,12.695,0.004
60125.90108799981,12.698,0.004
60126.16061000014,12.735,0.007
60126.17634999985,12.709,0.006
60126.19215000002,12.741,0.007
60126.194540000055,12.739,0.012
60126.208089999855,12.721,0.007
60126.239870000165,12.701,0.007
60126.255739999935,12.724,0.007
60126.98421300016,12.692,0.004
60126.986424,12.719,0.004
60126.98864600016,12.716,0.004
60126.99086799985,12.717,0.004
60126.99306700006,12.713,0.004
60126.9952779999,12.726,0.004
60127.178540000226,12.752,0.016
60127.17860900005,12.747,0.003
60127.17946900008,12.748,0.003
60127.180317999795,12.733,0.003
60127.181168000214,12.733,0.004
60127.18202600023,12.754,0.003
60127.18288599979,12.744,0.003
60127.183747999836,12.752,0.003
60127.18441000022,12.759,0.017
60127.18460599985,12.74,0.003
60127.190309999976,12.759,0.017
60127.19420999987,12.784,0.012
60127.19617999997,12.755,0.017
60127.199159999844,12.762,0.007
60127.20204999996,12.745,0.017
60127.207959999796,12.743,0.017
60127.208910000045,12.746,0.006
60127.21388000017,12.744,0.018
60127.21492999978,12.764,0.006
60127.219750000164,12.777,0.017
60127.230659999885,12.765,0.007
60127.23887,12.717,0.006
60127.23957000021,12.733,0.005
60127.2402499998,12.739,0.005
60127.24468,12.726,0.005
60127.24542000005,12.721,0.006
60127.2461600001,12.721,0.006
60127.2464399999,12.724,0.008
60127.25082000019,12.718,0.006
60127.25155999977,12.702,0.005
60127.25229999982,12.738,0.006
60127.26232999982,12.786,0.008
60127.27814000007,12.764,0.009
60127.29381000018,12.765,0.010
60127.309619999956,12.748,0.009
60127.325610000174,12.792,0.009
60127.34161,12.757,0.010
60127.357499999925,12.781,0.012
60127.37337999977,12.755,0.011
60127.38927000016,12.806,0.014
60127.40516000008,12.791,0.016
60127.42090999987,12.789,0.018
60127.85920999991,12.716,0.006
60127.88986099977,12.781,0.004
60127.892059999984,12.787,0.004
60127.89427099982,12.781,0.004
60127.89648099989,12.789,0.004
60127.89869200019,12.783,0.004
60127.90089099994,12.786,0.004
60127.91669999994,12.863,0.009
60127.96040500002,12.743,0.004
60127.96260399977,12.762,0.004
60127.96482599992,12.764,0.004
60127.96704899985,12.8,0.004
60127.96924800007,12.761,0.004
60127.97147000022,12.748,0.004
60128.19436000008,12.801,0.012
60128.23638000013,12.749,0.006
60128.23712000018,12.773,0.006
60128.23787999991,12.775,0.006
60128.24245999986,12.754,0.006
60128.243209999986,12.772,0.006
60128.24396000011,12.784,0.006
60128.248300000094,12.781,0.006
60128.248990000226,12.75,0.006
60128.249669999816,12.765,0.006
60128.26141100004,12.794,0.006
60128.88866900001,12.793,0.003
60128.890879999846,12.782,0.003
60128.89308999991,12.777,0.003
60128.895289000124,12.781,0.003
60128.897512000054,12.793,0.003
60128.89972200012,12.786,0.003
60128.92522000009,12.788,0.004
60128.92743099993,12.789,0.004
60128.929640999995,12.803,0.004
60128.931851999834,12.785,0.004
60128.9340619999,12.793,0.004
60128.93626199989,12.779,0.004
60129.15921000019,12.81,0.013
60129.16508000018,12.809,0.013
60129.17103999993,12.813,0.014
60129.17690999992,12.804,0.015
60129.182779999916,12.802,0.019
60129.18863999983,12.875,0.023
60129.19384999992,12.857,0.012
60129.20396000007,12.816,0.005
60129.204719999805,12.797,0.005
60129.205480000004,12.799,0.005
60129.214219999965,12.814,0.007
60129.21482999995,12.798,0.008
60129.215460000094,12.801,0.010
60129.21925000008,12.833,0.016
60129.21988000022,12.76,0.013
60129.22049000021,12.789,0.006
60129.86091999989,12.782,0.006
60129.892072000075,12.842,0.003
60129.89427099982,12.838,0.003
60129.89648099989,12.837,0.003
60129.89869200019,12.849,0.003
60129.90090300003,12.854,0.003
60129.90314800013,12.846,0.003
60130.09530000016,12.828,0.011
60130.19383999985,12.886,0.011
60130.86101000011,12.773,0.008
60130.89203700004,12.866,0.003
60130.8942590002,12.868,0.003
60130.896470000036,12.863,0.003
60130.898680999875,12.865,0.003
60130.90090300003,12.871,0.004
60130.903113000095,12.855,0.004
60130.93037000019,12.84,0.011
60131.17796,12.874,0.007
60131.183829999994,12.875,0.008
60131.18969999999,12.881,0.007
60131.19335999992,12.92,0.011
60131.19560999982,12.864,0.008
60131.201470000204,12.885,0.008
60131.2073400002,12.879,0.008
60131.21718000015,12.859,0.004
60131.2179200002,12.869,0.005
60131.21865000017,12.872,0.004
60131.22329000011,12.856,0.004
60131.22403000016,12.873,0.004
60131.22869999986,12.854,0.004
60131.23248999985,12.87,0.005
60131.233109999914,12.865,0.004
60131.23372999998,12.874,0.004
60131.26101099979,12.901,0.006
60131.88202700019,12.931,0.010
60131.88275300013,12.953,0.009
60131.88672199985,12.942,0.005
60131.88814399997,12.941,0.005
60131.89429400023,12.883,0.003
60131.89650500007,12.888,0.003
60131.89870399982,12.889,0.003
60131.90091399988,12.887,0.003
60131.9012000002,12.941,0.008
60131.903125000186,12.892,0.003
60131.905336000025,12.883,0.003
60131.94307899987,12.92,0.005
60131.94523099996,12.917,0.005
60131.947383999825,12.921,0.005
60131.94953700015,12.93,0.005
60131.98719999986,12.901,0.009
60132.15048999991,12.925,0.004
60132.193520000204,12.949,0.012
60132.19464999996,12.892,0.004
60132.195400000084,12.903,0.004
60132.19614000013,12.923,0.004
60132.20075999992,12.901,0.005
60132.20151000004,12.906,0.004
60132.20225000009,12.9,0.004
60132.209960000124,12.914,0.004
60132.21015000017,12.955,0.011
60132.21057000011,12.903,0.004
60132.21119000018,12.882,0.004
60132.23010399984,12.925,0.011
60132.4158470002,12.942,0.005
60132.43142300006,12.928,0.004
60132.85938999988,12.811,0.008
60132.89326199982,12.988,0.008
60132.89398800023,12.957,0.009
60132.91159000015,12.914,0.010
60132.9471760001,12.962,0.006
60132.94933999982,12.966,0.006
60132.951493000146,12.946,0.006
60132.95364600001,12.962,0.006
60132.96756900009,12.95,0.006
60132.96972199995,12.94,0.006
60132.971874999814,12.965,0.006
60132.97402800014,12.951,0.006
60133.11528899986,12.976,0.021
60133.12170800008,12.994,0.024
60133.12812800007,12.99,0.018
60133.14431900019,12.996,0.023
60133.193239999935,12.991,0.012
60133.20752999978,12.944,0.005
60133.20826999983,12.919,0.004
60133.20901999995,12.944,0.005
60133.213649999816,12.948,0.004
60133.21438999986,12.928,0.004
60133.21512999991,12.922,0.004
60133.21967000002,12.921,0.004
60133.22041000007,12.942,0.004
60133.22116000019,12.975,0.007
60133.85710000014,12.823,0.007
60133.88965300005,12.938,0.004
60133.89186300011,12.948,0.004
60133.89258399978,12.877,0.066
60133.894096999895,12.942,0.004
60133.8963080002,12.944,0.004
60133.91685200017,12.933,0.004
60133.91906199977,12.938,0.004
60133.92126200022,12.934,0.004
60133.92348399991,12.939,0.004
60133.94541000016,12.964,0.014
60134.19316999987,13.01,0.011
60134.21248999983,13.004,0.017
60134.22938999999,12.976,0.005
60134.23013000004,12.985,0.005
60134.23087000009,12.996,0.005
60134.23546000011,12.968,0.005
60134.23620999977,12.956,0.004
60134.236940000206,12.959,0.005
60134.24157000007,12.966,0.005
60134.24231000012,12.962,0.004
60134.243050000165,12.941,0.005
60134.88394699991,13.01,0.004
60134.88614600012,13.007,0.004
60134.888356000185,13.016,0.004
60134.892595999874,12.958,0.050
60134.89349999977,12.917,0.008
60135.12668000022,13.043,0.004
60135.15517000016,13.082,0.028
60135.16061400017,13.064,0.021
60135.16634800006,13.073,0.019
60135.17214100016,13.072,0.020
60135.177761000115,13.071,0.017
60135.18348299991,13.06,0.018
60135.18918999983,13.072,0.018
60135.19271000009,13.046,0.011
60135.19696900016,13.073,0.017
60135.20316899987,13.062,0.017
60135.20900399983,13.065,0.019
60135.21467499994,13.05,0.018
60135.22035899991,13.082,0.020
60135.22562000016,13.088,0.022
60135.23189300019,13.052,0.018
60135.238797000144,13.064,0.017
60135.24585099984,13.066,0.017
60135.25139700016,13.07,0.018
60135.257379000075,13.071,0.018
60135.26313599991,13.074,0.022
60135.268718000036,13.078,0.019
60135.27457199991,13.071,0.018
60135.28214300005,13.055,0.020
60135.28886200022,13.054,0.020
60135.289675000124,13.026,0.007
60135.295043999795,13.041,0.018
60135.30061399983,13.063,0.018
60135.306375999935,13.046,0.018
60135.31204300001,13.057,0.018
60135.31780199986,13.055,0.018
60135.323967000004,13.059,0.020
60135.33180799987,13.045,0.018
60135.33739,13.054,0.019
60135.34328200016,13.054,0.019
60135.34874799987,13.054,0.020
60135.35491000023,13.048,0.021
60135.36132899998,13.061,0.021
60135.36711899983,13.076,0.025
60135.375384999905,13.063,0.025
60135.82934999978,13.034,0.008
60135.88695599977,12.996,0.004
60135.889177999925,12.999,0.004
60135.89141200017,12.995,0.004
60135.893360000104,12.924,0.051
60135.89364599995,12.989,0.004
60135.91446800018,12.985,0.004
60135.916677999776,13.006,0.004
60135.91706999997,13.041,0.010
60135.91888900008,13.001,0.004
60135.9210760002,12.995,0.004
60135.96627000021,13.026,0.023
60136.212439999916,13.111,0.018
60136.88613400003,13.038,0.004
60136.888356000185,13.019,0.004
60136.89055600017,13.027,0.004
60136.89276599977,13.026,0.004
60136.89283999987,12.972,0.023
60136.89392999979,12.976,0.008
60136.914309999906,13.111,0.008
60137.35589999985,13.107,0.013
60137.87048000004,12.983,0.007
60137.90847000014,13.056,0.010
60138.024309999775,13.029,0.010
60138.19219999993,13.144,0.011
60138.88781199977,13.08,0.004
60138.89002300007,13.081,0.004
60138.89223399991,13.088,0.004
60138.89445600007,13.079,0.004
60138.908840000164,13.119,0.012
60138.9116799999,13.221,0.017
60139.19152999995,13.184,0.011
60139.23086000001,13.115,0.005
60139.23161000013,13.136,0.005
60139.23235999979,13.119,0.005
60139.2370000002,13.121,0.005
60139.237749999855,13.118,0.005
60139.23849999998,13.146,0.005
60139.24283999996,13.139,0.005
60139.24358000001,13.112,0.005
60139.24434999982,13.128,0.005
60139.26104399981,13.158,0.007
60139.88677099999,13.107,0.004
60139.888970000204,13.109,0.004
60139.891203999985,13.119,0.004
60139.89341400005,13.113,0.004
60139.951400000136,13.101,0.010
60140.09386999998,13.154,0.018
60140.19114999985,13.208,0.012
60140.20783999981,13.157,0.005
60140.20857999986,13.132,0.005
60140.20932999998,13.148,0.005
60140.2138100001,13.141,0.005
60140.21455000015,13.143,0.005
60140.215239999816,13.162,0.005
60140.219810000155,13.164,0.005
60140.2205500002,13.15,0.005
60140.22129999986,13.129,0.005
60140.86231000023,13.05,0.007
60140.88654300012,13.112,0.045
60140.88828699989,13.136,0.004
60140.8904980002,13.148,0.004
60140.89283599984,13.142,0.004
60140.8950459999,13.142,0.004
60141.19071000023,13.251,0.012
60141.25325000007,13.159,0.006
60141.25398000004,13.182,0.006
60141.25473000016,13.173,0.006
60141.25938000018,13.188,0.006
60141.260129999835,13.162,0.005
60141.26086999988,13.175,0.006
60141.26990000019,13.194,0.006
60141.27051999979,13.185,0.006
60141.271129999775,13.169,0.006
60141.85969999991,13.12,0.009
60141.88676299993,13.134,0.034
60141.887360999826,13.173,0.004
60141.88957200013,13.175,0.004
60141.89195600012,13.166,0.005
60141.89416699996,13.17,0.004
60142.1902999999,13.272,0.013
60142.21157999989,13.213,0.006
60142.21233000001,13.223,0.006
60142.213070000056,13.23,0.006
60142.217879999895,13.213,0.006
60142.21863000002,13.219,0.006
60142.21935999999,13.233,0.006
60142.22393999994,13.196,0.006
60142.224679999985,13.222,0.006
60142.22543000011,13.206,0.006
60142.81772999978,13.282,0.010
60142.87135000015,13.172,0.008
60142.88810200011,13.188,0.004
60142.89030099986,13.188,0.004
60142.892674,13.201,0.004
60142.894861000124,13.194,0.004
60142.90596000012,13.226,0.008
60142.907122999895,13.187,0.024
60143.189139999915,13.321,0.012
60143.20165999979,13.26,0.005
60143.20257999981,13.246,0.005
60143.20704999985,13.253,0.010
60143.20784999989,13.26,0.005
60143.208629999775,13.233,0.005
60143.88420099998,13.226,0.005
60143.88629500009,13.188,0.048
60143.88642399991,13.229,0.004
60143.88876200002,13.224,0.004
60143.89097200008,13.222,0.004
60144.20066000009,13.282,0.005
60144.201570000034,13.3,0.005
60144.20247999998,13.29,0.005
60144.20338999992,13.28,0.005
60144.20428999979,13.301,0.005
60144.81169999996,13.298,0.012
60144.8731999998,13.283,0.015
60144.88307899982,13.252,0.005
60144.88530099997,13.258,0.005
60144.88763900008,13.266,0.005
60144.88984999992,13.266,0.005
60144.890044999775,13.205,0.041
60145.07762000011,13.285,0.017
60145.18806000007,13.384,0.013
60145.189869999886,13.324,0.005
60145.191689999774,13.311,0.004
60145.19261999987,13.321,0.005
60145.193529999815,13.337,0.005
60145.86555000022,13.279,0.008
60145.874317000154,13.282,0.004
60145.876550999936,13.3,0.004
60145.878899999894,13.283,0.004
60145.8811110002,13.302,0.004
60145.88632400008,13.196,0.032
60145.88640000019,13.308,0.021
60146.18851999985,13.409,0.012
60146.22240999993,13.354,0.005
60146.22332999995,13.354,0.005
60146.22424999997,13.341,0.004
60146.22514999984,13.334,0.005
60146.226079999935,13.354,0.005
60146.243141999934,13.403,0.009
60146.90136000002,13.266,0.0081
60146.90207999991,13.267,0.0080
60146.90354999993,13.285,0.0079
60146.9042799999,13.275,0.0081
60146.90500999987,13.289,0.0079
60146.90670000017,13.321,0.009
60146.907604000065,13.323,0.004
60146.909814999904,13.343,0.004
60146.912175999954,13.337,0.004
60146.91439800011,13.323,0.004
60147.18784999987,13.43,0.038
60147.216570000164,13.457,0.013
60147.841669999994,13.4,0.1
60147.87366899988,13.365,0.005
60147.87586800009,13.351,0.005
60147.878194000106,13.373,0.005
60147.880404999945,13.362,0.005
60147.88660700014,13.476,0.087
60148.06489000004,13.444,0.021
60148.18674999988,13.494,0.013
60148.85474999994,13.392,0.012
60148.871828999836,13.444,0.005
60148.8740389999,13.403,0.005
60148.87637700001,13.409,0.005
60148.87857600022,13.394,0.005
60148.88639899995,13.398,0.054
60149.06834000023,13.423,0.020
60149.80837000022,13.555,0.015
60149.87256899988,13.45,0.005
60149.87478000019,13.446,0.005
60149.87712999992,13.466,0.005
60149.879339999985,13.445,0.005
60149.88656000001,13.46,0.009
60150.06552999979,13.505,0.012
60150.18565999996,13.599,0.013
60150.2030600002,13.511,0.006
60150.20397000015,13.529,0.006
60150.204870000016,13.517,0.006
60150.20580000011,13.521,0.006
60150.20669999998,13.538,0.006
60150.915610000025,13.627,0.011
60150.96478000004,13.491,0.005
60150.967002000194,13.493,0.005
60150.969225000124,13.522,0.005
60150.971446999814,13.517,0.005
60151.15085399989,13.711,0.025
60151.158371000085,13.724,0.023
60151.16502599977,13.722,0.022
60151.17170999991,13.724,0.022
60151.17845000001,13.729,0.022
60151.185035999864,13.712,0.022
60151.18575000018,13.639,0.012
60151.19220700022,13.729,0.023
60151.20096600009,13.726,0.022
60151.207663000096,13.716,0.022
60151.21431900002,13.698,0.022
60151.2206199998,13.695,0.024
60151.22093999991,13.547,0.006
60151.221849999856,13.545,0.006
60151.22276999988,13.564,0.006
60151.22367999982,13.57,0.006
60151.22459000023,13.579,0.006
60151.23418499995,13.686,0.040
60151.245190999936,13.648,0.072
60151.252038999926,13.683,0.062
60151.25671100011,13.713,0.023
60151.268809999805,13.698,0.029
60151.27619800018,13.691,0.044
60151.282215999905,13.691,0.033
60151.287372999825,13.686,0.067
60151.84691999992,13.538,0.009
60151.87328700023,13.545,0.005
60151.87550899992,13.542,0.005
60151.87772000022,13.554,0.005
60151.87993100006,13.535,0.005
60151.886388999876,13.564,0.069
60152.11969000008,13.663,0.008
60152.18459000019,13.688,0.012
60152.87112300005,13.591,0.005
60152.87333300011,13.586,0.005
60152.87555600004,13.604,0.005
60152.87776600011,13.592,0.005
60152.87946199998,13.57,0.098
60152.931720000226,13.733,0.011
60153.06774999993,13.603,0.019
60153.184499999974,13.748,0.012
60153.21398,13.733,0.022
60153.24048899999,13.729,0.012
60153.8311999999,13.743,0.0200
60153.87165499991,13.649,0.005
60153.87386600021,13.649,0.005
60153.87621500017,13.629,0.005
60153.87843699986,13.638,0.005
60153.88084999984,13.68,0.015
60154.18323000008,13.802,0.013
60154.23419000022,13.731,0.017
60154.8446800001,13.699,0.010
60154.87294000015,13.682,0.006
60154.87515000021,13.68,0.006
60154.87752299989,13.67,0.006
60154.879497000016,13.652,0.045
60154.8797220001,13.699,0.006
60154.88499999978,13.732,0.014
60155.18219000008,13.83,0.013
60155.871538999956,13.752,0.006
60155.873749999795,13.759,0.006
60155.876122999936,13.744,0.006
60155.878333,13.748,0.006
60155.88644000003,13.765,0.029
60155.91559999995,13.87,0.048
60156.856039999984,13.832,0.011
60156.86601899983,13.789,0.006
60156.86821800005,13.796,0.006
60156.8705790001,13.795,0.006
60156.87278900016,13.782,0.006
60157.18197999988,13.974,0.012
60157.82410999993,13.965,0.0435
60157.864432999864,13.849,0.007
60157.86666700011,13.846,0.007
60157.86903900001,13.854,0.007
60157.87124999985,13.83,0.007
60158.181220000144,14.028,0.012
60158.85418999987,13.975,0.012
60158.872384000104,13.926,0.006
60158.87458299985,13.936,0.007
60158.87693300005,13.933,0.007
60158.87914399989,13.927,0.007
60159.061590000056,13.972,0.022
60159.17958000023,14.113,0.013
60159.19741000002,14.07,0.011
60159.19830999989,14.009,0.010
60159.199219999835,14.043,0.010
60159.20014999993,14.029,0.011
60159.201059999876,14.032,0.021
60159.23729200009,14.263,0.057
60159.864676000085,14.022,0.006
60159.86687499983,14.032,0.006
60159.86921299994,14.029,0.006
60159.87141200015,14.016,0.006
60159.93722999981,14.218,0.017
60160.18123999983,14.187,0.013
60160.18514000019,14.231,0.023
60160.18844999978,14.187,0.013
60160.21972700022,14.186,0.018
60160.864769000094,14.103,0.006
60160.86697900016,14.117,0.006
60160.8693169998,14.109,0.006
60160.871528000105,14.123,0.006
60160.880109999795,14.191,0.023
60161.85784700001,14.23,0.007
60161.86006900016,14.212,0.007
60161.862418999895,14.229,0.007
60161.8646300002,14.22,0.007
60161.87337999977,14.236,0.006
60161.87628499977,14.227,0.006
60161.879339999985,14.222,0.006
60161.882234000135,14.218,0.006
60162.17617999995,14.5,0.011
60162.177089999896,14.498,0.011
60162.178009999916,14.485,0.011
60162.17891999986,14.498,0.011
60162.17983999988,14.462,0.011
60162.20691999979,14.431,0.014
60162.860474999994,14.367,0.006
60162.863367999904,14.362,0.006
60162.86640000017,14.362,0.006
60162.86929399986,14.357,0.006
60162.884589999914,14.576,0.052
60162.90609999979,14.561,0.013
60162.92742000008,14.424,0.032
60163.17803000007,14.66,0.013
60163.17895000009,14.617,0.013
60163.17986000003,14.579,0.021
60163.18078000005,14.553,0.013
60163.851710000075,14.505,0.017
60163.8601739998,14.53,0.008
60163.8630789998,14.525,0.008
60163.86365000019,14.535,0.045
60163.86610000022,14.518,0.008
60163.867281999905,14.494,0.044
60163.86899300013,14.536,0.008
60163.89013000019,14.47,0.137
60163.91533999983,14.629,0.0274
60164.18019999983,14.671,0.015
60164.18110999977,14.689,0.015
60164.18202999979,14.695,0.015
60164.1829400002,14.725,0.016
60164.18495000014,14.94,0.047
60164.20435999986,14.75,0.016
60164.85201000003,14.723,0.022
60164.8592480002,14.698,0.010
60164.86214100011,14.702,0.010
60164.86517400015,14.679,0.010
60164.86807900015,14.718,0.010
60165.10796000017,14.938,0.030
60165.209489999805,14.939,0.016
60165.85674000019,14.846,0.077
60165.86059900001,14.783,0.051
60165.877080000006,14.905,0.026
60165.8911799998,15.083,0.028
60165.89827500004,15.027,0.013
60165.901145999786,15.01,0.013
60165.904027999844,15.061,0.013
60165.93136599986,14.903,0.019
60165.93425899977,14.931,0.018
60166.22293000016,15.121,0.017
60166.85261599999,15.054,0.014
60166.85482600005,15.05,0.015
60166.85717599979,15.037,0.014
60166.85938700009,15.04,0.013
60166.87510399986,15.058,0.013
60166.87665100023,15.186,0.013
60166.87799800001,15.067,0.013
60166.881076000165,15.052,0.013
60166.88396999985,15.054,0.014
60166.88879000023,15.055,0.025
60166.910149999894,14.73,0.104
60167.19284000015,15.257,0.027
60167.856238000095,15.218,0.013
60167.85843699984,15.234,0.013
60167.860809999984,15.218,0.013
60167.86299799988,15.197,0.013
60168.17069000006,15.435,0.031
60168.17163000023,15.399,0.030
60168.172549999785,15.438,0.031
60168.17345000012,15.354,0.030
60168.17807999998,15.69,0.083
60168.181220000144,15.393,0.018
60168.198795999866,15.438,0.055
60168.26322299987,15.371,0.051
60168.849154999945,15.347,0.015
60168.851331000216,15.354,0.014
60168.85368099995,15.347,0.013
60168.85586800007,15.333,0.013
60168.92138000019,15.361,0.054
60169.116309999954,15.487,0.028
60169.19793999987,15.546,0.020
60169.836459999904,15.518,0.038
60169.84787000017,15.421,0.015
60169.85005800007,15.447,0.015
60169.85237299977,15.44,0.014
60169.85455999989,15.453,0.014
60169.86828099983,15.509,0.012
60169.87820000015,15.423,0.040
60170.19884999981,15.612,0.018
60170.819730000105,15.628,0.038
60170.84971099999,15.519,0.015
60170.85189800011,15.495,0.015
60170.85421299981,15.52,0.015
60170.85641200002,15.508,0.015
60170.88682000013,15.734,0.043
60171.19755000016,15.654,0.018
60171.83554999996,15.675,0.057
60171.84921299992,15.536,0.019
60171.85140000004,15.549,0.018
60171.85371500021,15.616,0.018
60171.855903000105,15.552,0.018
60171.910550000146,15.682,0.055
60172.101079999935,15.636,0.048
60172.101119999774,15.627,0.089
60172.16508000018,15.686,0.038
60172.1660000002,15.794,0.038
60172.166910000145,15.743,0.038
60172.16782000009,15.656,0.035
60172.196669999976,15.713,0.018
60172.84921299992,15.561,0.016
60172.851424000226,15.556,0.015
60172.85373800015,15.578,0.015
60172.85592600005,15.558,0.015
60172.87112999987,15.454,0.042
60173.240160000045,15.725,0.019
60173.84934000019,15.601,0.016
60173.851515999995,15.586,0.015
60173.853866000194,15.576,0.016
60173.85606499994,15.573,0.016
60174.18250000011,15.779,0.037
60174.183410000056,15.741,0.038
60174.18433000008,15.709,0.038
60174.18524000002,15.783,0.038
60174.87226899993,15.631,0.015
60174.87445600005,15.646,0.015
60174.876771000214,15.608,0.015
60174.87894700002,15.603,0.016
60175.26838999987,15.765,0.022
60175.80384999979,15.687,0.064
60175.84922500001,15.619,0.017
60175.85003999993,15.649,0.069
60175.85140000004,15.66,0.017
60175.85376199987,15.604,0.017
60175.85594899999,15.679,0.018
60175.860832999926,15.554,0.043
60176.10583999986,15.857,0.062
60176.790229999926,15.695,0.019
60176.811050000135,15.822,0.0714
60176.84591400018,15.715,0.019
60176.848333000205,15.702,0.018
60176.85091400007,15.646,0.018
60176.85178000014,15.763,0.068
60176.853333000094,15.636,0.017
60176.85838000011,15.623,0.047
60176.86070000008,15.665,0.043
60176.87117999978,15.856,0.029
60177.8180300002,15.777,0.050
60177.846169000026,15.661,0.017
60177.84858800005,15.684,0.017
60177.851181000005,15.703,0.017
60177.85408600001,15.671,0.017
60178.084350000136,15.74,0.066
60178.80645000003,15.857,0.052
60178.81398000009,15.921,0.0769
60178.83901599981,15.728,0.018
60178.841434999835,15.713,0.018
60178.84401600016,15.677,0.017
60178.84643500019,15.696,0.017
60178.84844999993,15.647,0.060
60179.12541999994,15.664,0.064
60179.80886000022,15.714,0.048
60179.82740199985,15.547,0.060
60179.83917800011,15.737,0.020
60179.84159700014,15.718,0.019
60179.844144000206,15.726,0.019
60179.846586000174,15.761,0.019
60179.85385000007,15.601,0.057
60179.88568999991,15.85,0.037
60180.185130000114,15.871,0.022
60180.826528999954,15.613,0.060
60180.83137999987,15.674,0.051
60180.83937499998,15.783,0.021
60180.84226900013,15.746,0.020
60180.84531199979,15.732,0.020
60180.84820599994,15.732,0.021
60181.18485999992,15.909,0.049
60181.18556000013,15.919,0.024
60181.18577999994,15.831,0.045
60181.18669999996,15.979,0.053
60181.18759999983,15.961,0.051
60181.24244299997,15.756,0.089
60181.798810000066,15.656,0.054
60181.838200000115,15.756,0.079
60182.17920000013,15.901,0.051
60182.1801,15.855,0.049
60182.18102000002,15.779,0.050
60182.18192999996,15.829,0.053
60182.21902000019,15.926,0.026
60182.80225999979,15.692,0.060
60182.85288200015,15.914,0.046
60182.85525499983,15.925,0.046
60182.85761599988,15.866,0.041
60182.86707000015,15.713,0.080
60183.81460999977,15.819,0.087
60183.83299499983,15.918,0.021
60183.852477000095,15.792,0.030
60183.855359000154,15.746,0.023
60183.85839099996,15.759,0.025
60184.11699000001,15.884,0.079
60184.18545999983,15.925,0.029
60184.79738999996,15.722,0.104
60184.83094900008,15.762,0.027
60184.83381900005,15.746,0.026
60184.836852000095,15.788,0.026
60185.05190999992,15.863,0.102
60185.202260000166,15.974,0.041
60185.83376199985,15.754,0.030
60185.83712999988,15.745,0.028
60185.840381999966,15.74,0.032
60186.82031999994,15.825,0.065
60186.83348400006,15.854,0.031
60186.836852000095,15.838,0.032
60186.84008099977,15.78,0.034
60187.15726999985,16.096,0.150
60187.18096000003,15.971,0.072
60187.18186999997,15.887,0.069
60187.18280000007,16.02,0.076
60187.183699999936,15.886,0.070
60187.212729999796,15.962,0.048
60187.83358799992,15.822,0.026
60187.83699099999,15.812,0.028
60187.84022000013,15.784,0.028
60188.13769700006,15.767,0.070
60188.20661000023,15.961,0.064
60188.780629999936,15.769,0.060
60189.17890000017,15.989,0.027
60189.82647200022,15.779,0.049
60189.841570000164,15.757,0.102
60191.06669999985,15.805,0.086
60191.16847999999,15.98,0.021
60191.79485999979,15.764,0.052
60191.832454000134,15.83,0.018
60191.83583300002,15.785,0.018
60191.83590300009,14.785,0.006
60191.839062999934,15.78,0.017
60191.86321800016,15.961,0.043
60191.865410000086,15.913,0.051
60191.86677099997,15.951,0.043
60191.870323999785,15.955,0.043
60192.10119999992,15.998,0.084
60192.14894999983,16.145,0.127
60192.15492000012,15.914,0.049
60192.15583000006,15.819,0.046
60192.15675000008,15.992,0.049
60192.157660000026,15.893,0.049
60192.16784999985,15.957,0.021
60192.789309999906,15.924,0.051
60192.83620999986,15.783,0.061
60192.851809999906,15.861,0.037
60192.85700199986,15.916,0.056
60192.86054399982,15.832,0.052
60192.8640970001,15.909,0.053
60192.86695999978,16.063,0.059
60193.15236000018,15.898,0.047
60193.15326000005,15.842,0.045
60193.15418000007,15.979,0.047
60193.155090000015,15.922,0.048
60193.16625999985,15.974,0.021
60193.26364400005,15.921,0.118
60193.80225000018,15.897,0.050
60193.82067599986,15.746,0.068
60193.862110000104,15.928,0.045
60194.158619999886,15.904,0.047
60194.15954999998,16.026,0.049
60194.16045999993,16.012,0.053
60194.16137999995,15.984,0.050
60194.16514999978,15.971,0.022
60194.79149000021,16.015,0.056
60194.80456800014,14.799,0.010
60194.831253999844,15.79,0.064
60195.146850000136,15.957,0.023
60195.21572000021,15.846,0.051
60195.216630000155,15.885,0.057
60195.217559999786,15.935,0.116
60195.21847999981,15.809,0.054
60195.81989599997,15.825,0.018
60195.82362300018,15.861,0.017
60195.827198999934,15.813,0.016
60196.16378000006,15.965,0.024
60196.81988399988,15.855,0.017
60196.82363400003,15.862,0.016
60196.827211000025,15.813,0.015
60197.78885000013,15.708,0.052
60197.80989400018,15.692,0.076
60197.81542999996,15.764,0.079
60197.819931000005,15.876,0.017
60197.82365699997,15.818,0.015
60197.82723399997,15.85,0.016
60198.16168999998,15.974,0.022
60198.81870400021,15.893,0.017
60198.82243099995,15.876,0.016
60198.82599500008,15.845,0.016
60198.83148999978,15.707,0.057
60199.004689999856,15.948,0.101
60199.14630000014,15.998,0.023
60199.81987300003,15.874,0.017
60199.82355300011,15.826,0.017
60199.82713000011,15.81,0.016
60200.15911999997,16.022,0.022
60200.18082999997,16.06,0.060
60200.18174999999,15.908,0.053
60200.18265999993,15.898,0.051
60200.18359000003,15.946,0.056
60200.81980299996,15.873,0.022
