MJD,mag,uncert
60084.23957000021,13.522,0.058
60084.25600000005,13.404,0.016
60084.95295100007,12.137,0.023
60084.95369199989,12.112,0.034
60084.95444400003,12.227,0.047
60084.955196999945,12.162,0.074
60085.14378000004,12.055,0.003
60085.15144000016,12.048,0.003
60085.18693999993,12.023,0.002
60085.194540000055,12.014,0.002
60085.20214000018,12.001,0.002
60085.20972999977,11.996,0.002
60085.21735000005,11.976,0.002
60085.2249400001,11.97,0.002
60085.23252000008,11.966,0.002
60085.240120000206,11.962,0.002
60085.243910000194,11.957,0.003
60085.88587999996,11.431,0.02
60086.09591000015,11.396,0.007
60086.10493999999,11.463,0.002
60086.111920000054,11.45,0.002
60086.11886999989,11.434,0.002
60086.125810000114,11.433,0.002
60086.13273000019,11.436,0.002
60086.13816000009,11.342,0.173
60086.13963000011,11.44,0.002
60086.14417799981,11.346,0.170
60086.14659000002,11.443,0.002
60086.150208000094,11.348,0.169
60086.15351000009,11.434,0.002
60086.15622700006,11.343,0.169
60086.15700000012,11.431,0.002
60086.15830999985,11.321,0.002
60086.16225699987,11.351,0.164
60086.16828700015,11.336,0.079
60086.17430600012,11.342,0.157
60086.18033599993,11.339,0.079
60086.183739999775,11.425,0.002
60086.19064999977,11.42,0.002
60086.19755999977,11.416,0.002
60086.20446000015,11.415,0.002
60086.211380000226,11.408,0.002
60086.21829999983,11.407,0.002
60086.22520000022,11.402,0.002
60086.232119999826,11.398,0.002
60086.280092999805,11.323,0.004
60086.286110999994,11.343,0.005
60086.29214099981,11.349,0.005
60086.29817100009,11.354,0.005
60086.93628299981,11.188,0.070
60086.93703099992,11.252,0.007
60086.937779999804,11.262,0.024
60086.93852900015,11.046,0.272
60087.10684000002,11.191,0.003
60087.10963999992,11.188,0.003
60087.11664000014,11.177,0.003
60087.1194699998,11.211,0.003
60087.12226000009,11.194,0.003
60087.12508000014,11.207,0.003
60087.12790999981,11.189,0.003
60087.13072999986,11.182,0.003
60087.132139999885,11.183,0.003
60087.13498000009,11.184,0.003
60087.14203999983,11.19,0.003
60087.144859999884,11.193,0.003
60087.14769000001,11.218,0.003
60087.150510000065,11.197,0.003
60087.15333000012,11.182,0.003
60087.15615999978,11.172,0.003
60087.16215000022,11.163,0.006
60087.1709400001,11.204,0.003
60087.17199999979,11.1,0.1
60087.17374,11.197,0.003
60087.17652999982,11.211,0.003
60087.17928999988,11.211,0.003
60087.18772999989,11.183,0.006
60087.19056000002,11.212,0.004
60087.88834000006,11.039,0.005
60087.94927099999,11.185,0.016
60087.95002300013,11.178,0.070
60087.9507749998,11.085,0.006
60088.11335999984,11.09,0.002
60088.11818000022,11.086,0.002
60088.1182599999,10.996,0.001
60088.123079999816,11.082,0.002
60088.132770000026,11.084,0.002
60088.13448000001,11.015,0.002
60088.13514999999,11.093,0.002
60088.1490600002,11.017,0.002
60088.16178999981,11.017,0.002
60088.9521639999,11.129,0.069
60088.95256899996,11.099,0.081
60088.95296300016,11.065,0.086
60088.95336800022,11.08,0.069
60088.95377299981,11.042,0.118
60088.96319000004,11.0,0.005
60089.17958000023,11.031,0.003
60089.354410000145,10.993,0.009
60089.35545000015,10.99,0.009
60089.35596999992,11.003,0.009
60089.35649000015,10.992,0.009
60089.35703000007,10.959,0.009
60089.88125000009,10.896,0.02
60089.936042000074,11.157,0.007
60089.93643500004,11.151,0.040
60089.9368400001,11.13,0.031
60089.937245000154,11.161,0.008
60089.937638999894,11.209,0.034
60089.93804399995,11.109,0.009
60089.97526000021,10.981,0.005
60090.089219999965,10.932,0.008
60090.10154000018,11.006,0.002
60090.12474999996,10.941,0.002
60090.13406000007,10.942,0.001
60090.143360000104,10.938,0.001
60090.2567400001,10.958,0.004
60090.25728000002,10.968,0.004
60090.25781999994,10.977,0.004
60090.25836999994,10.987,0.004
60090.25890999986,10.979,0.004
60090.2662800001,10.963,0.004
60090.266830000095,10.982,0.004
60090.267370000016,10.975,0.004
60090.26792000001,10.972,0.004
60090.268459999934,10.977,0.004
60090.91709000012,10.909,0.003
60090.919429999776,10.917,0.003
60090.92411000002,10.956,0.005
60090.93221999984,10.913,0.003
60090.934559999965,10.919,0.003
60090.93690000009,10.917,0.003
60090.93924000021,10.915,0.003
60090.94156999979,10.917,0.003
60090.943909999914,10.913,0.003
60090.944440000225,10.842,0.074
60090.94625000004,10.91,0.003
60090.94859000016,10.927,0.003
60090.95092999982,10.912,0.003
60090.953259999864,10.912,0.003
60090.960880000144,11.132,0.105
60090.9612850002,11.195,0.041
60090.96168999979,11.12,0.078
60090.962083000224,11.184,0.007
60090.962487999815,11.184,0.020
60090.96289400011,11.134,0.017
60091.086130000185,10.983,0.005
60091.11799000017,10.988,0.002
60091.20215999987,10.885,0.027
60091.206110000145,10.883,0.012
60091.873070000205,10.843,0.02
60091.95100999996,10.719,0.008
60091.951018999796,10.89,0.101
60091.95142399985,10.978,0.054
60091.95181699982,11.085,0.071
60091.952221999876,11.078,0.023
60091.95262699993,10.979,0.078
60091.95302100014,11.067,0.014
60091.967399999965,10.924,0.005
60092.286989999935,10.9,0.004
60092.286989999935,10.898,0.004
60092.287529999856,10.913,0.004
60092.287529999856,10.915,0.004
60092.28807999985,10.91,0.004
60092.28807999985,10.912,0.004
60092.288619999774,10.894,0.004
60092.288619999774,10.896,0.004
60092.28916999977,10.907,0.004
60092.28916999977,10.905,0.004
60092.2966,10.914,0.004
60092.2966,10.916,0.004
60092.29713999992,10.915,0.004
60092.29713999992,10.913,0.004
60092.29768999992,10.909,0.004
60092.29768999992,10.911,0.004
60092.29822999984,10.904,0.004
60092.29822999984,10.901,0.004
60092.29877000023,10.907,0.004
60092.29877000023,10.909,0.004
60092.9336600001,10.683,0.008
60093.12213000003,10.912,0.002
60093.20043999981,10.84,0.030
60093.873023999855,10.88,0.006
60093.87626900012,10.87,0.005
60093.87906299997,10.864,0.003
60093.882278000005,10.868,0.004
60093.889990000054,10.839,0.005
60093.94583299989,10.907,0.015
60093.946227000095,10.923,0.046
60093.94703700021,10.916,0.006
60094.3297319999,10.83,0.001
60094.878748000134,10.843,0.021
60094.9016900002,10.845,0.005
60095.15358000016,10.817,0.002
60095.16288000019,10.815,0.002
60095.17220999999,10.808,0.001
60095.27279999992,10.791,0.022
60095.93409699993,10.885,0.035
60095.934907000046,10.86,0.006
60096.07372999983,10.739,0.021
60096.388939999975,10.78,0.004
60096.38942999998,10.79,0.004
60096.39001000021,10.788,0.004
60096.3905199999,10.788,0.005
60096.89296999993,10.728,0.02
60097.24231000012,10.792,0.004
60097.2428100002,10.782,0.004
60097.243309999816,10.772,0.004
60097.2438099999,10.775,0.004
60097.29015999986,10.797,0.004
60097.29073000001,10.788,0.004
60097.291240000166,10.785,0.004
60097.291819999926,10.782,0.004
60097.905819999985,10.816,0.005
60098.4631500002,10.831,0.005
60098.46681000013,10.821,0.005
60098.46723000007,10.846,0.005
60098.46767000016,10.847,0.005
60098.90030199988,10.824,0.003
60098.90085500013,10.837,0.003
60098.90140799992,10.845,0.003
60098.91635000007,10.772,0.094
60098.930174000096,10.893,0.013
60098.93178200023,10.896,0.021
60099.23883999977,10.802,0.004
60099.25394999981,10.808,0.004
60099.25454000011,10.799,0.004
60099.25503000012,10.816,0.004
60099.25561999995,10.801,0.005
60099.26182000013,10.808,0.005
60099.26232999982,10.803,0.005
60099.26291000005,10.804,0.005
60099.263499999885,10.799,0.005
60099.87667000014,10.822,0.007
60099.87739600008,10.8,0.01
60099.878122000024,10.798,0.007
60099.90259000007,10.849,0.005
60099.92430600012,10.77,0.041
60099.924711000174,10.798,0.071
60099.9255090002,10.768,0.036
60099.926450000145,10.791,0.088
60100.160439999774,10.845,0.035
60100.24507999979,10.825,0.005
60100.24557999987,10.817,0.005
60100.24609000003,10.831,0.005
60100.24659000011,10.807,0.005
60100.252689999994,10.815,0.005
60100.253190000076,10.821,0.005
60100.25369000016,10.795,0.005
60100.25419999985,10.813,0.005
60100.87432700023,10.831,0.007
60100.875053999946,10.824,0.005
60100.875779999886,10.824,0.014
60100.935579999816,10.806,0.090
60100.935624999925,10.912,0.114
60100.93642400019,10.89,0.106
60100.93682899978,10.904,0.097
60100.9790500002,10.878,0.005
60101.90885999985,10.901,0.005
60102.21365999989,10.878,0.024
60102.92657000013,10.863,0.092
60103.11278000008,10.926,0.002
60103.225691,10.934,0.003
60103.247310000006,10.904,0.005
60103.24783999985,10.894,0.005
60103.248399999924,10.897,0.004
60103.24891000008,10.9,0.005
60103.25490000006,10.91,0.005
60103.255410000216,10.892,0.005
60103.25590999983,10.914,0.005
60103.25641999999,10.902,0.005
60103.94080400001,10.89,0.032
60103.94321099995,10.915,0.036
60104.00003999984,10.957,0.005
60104.113280000165,10.948,0.002
60104.408939999994,10.959,0.007
60104.409440000076,10.975,0.007
60104.41045999993,10.943,0.007
60104.87015999993,10.922,0.024
60104.87088599987,10.947,0.022
60104.871613000054,10.963,0.023
60104.874572999775,10.946,0.019
60104.92297000019,10.984,0.005
60105.033476000186,10.962,0.042
60105.03387700021,11.008,0.051
60105.15342999995,11.027,0.010
60105.158650000114,11.021,0.010
60105.16384000005,11.027,0.010
60105.16906000022,11.014,0.010
60105.17425000016,11.021,0.010
60105.17946999986,11.027,0.010
60105.21308000013,10.963,0.023
60105.89455399988,10.98,0.006
60105.89527999982,10.984,0.006
60105.896007,11.003,0.006
60106.100440000184,11.03,0.010
60106.2757199998,10.991,0.007
60106.27622999996,11.016,0.007
60106.276719999965,11.003,0.006
60106.27730000019,10.996,0.006
60106.87057199981,11.022,0.014
60106.87129800022,11.022,0.011
60106.87202400016,11.021,0.014
60107.9019559999,11.036,0.049
60107.902356999926,11.026,0.066
60107.922929999884,11.079,0.005
60108.091920000035,10.952,0.004
60108.161600000225,11.111,0.010
60108.16677000001,11.101,0.010
60108.17194999987,11.116,0.010
60108.1771300002,11.111,0.010
60108.182339999825,11.098,0.010
60108.18752000015,11.109,0.010
60108.272750000004,11.045,0.005
60108.27326000016,11.032,0.005
60108.27383999992,11.06,0.005
60108.27934999997,11.048,0.005
60108.279860000126,11.04,0.005
60108.87736500008,11.07,0.014
60108.87809100002,11.078,0.012
60108.94785600016,11.246,0.024
60109.16086000018,11.131,0.010
60109.16679000016,11.142,0.010
60109.17204000009,11.129,0.010
60109.17725999979,11.115,0.010
60109.182490000036,11.117,0.010
60109.187700000126,11.135,0.010
60109.192890000064,11.126,0.010
60109.222610000055,11.079,0.001
60109.87062999979,11.12,0.018
60109.87135499995,11.13,0.018
60109.87448500004,11.091,0.013
60109.916050000116,11.119,0.005
60109.93492599996,11.267,0.018
60109.93612999981,11.257,0.046
60110.26294999989,11.11,0.006
60110.26352000004,11.105,0.006
60110.2640999998,11.088,0.005
60110.26913999999,11.104,0.006
60110.269720000215,11.085,0.006
60110.270299999975,11.084,0.006
60110.99837999977,11.143,0.005
60111.16079000011,11.164,0.010
60111.1660000002,11.163,0.010
60111.17118000006,11.169,0.010
60111.176359999925,11.168,0.010
60111.18153999979,11.164,0.014
60111.18674999988,11.158,0.015
60111.22080999985,11.113,0.005
60111.22138,11.126,0.005
60111.22196000023,11.105,0.005
60111.22701000003,11.18,0.005
60111.22758999979,11.107,0.005
60111.22815999994,11.102,0.005
60111.86693400005,11.055,0.039
60111.86766100023,11.162,0.039
60111.946082000155,11.182,0.073
60111.94728600001,11.204,0.056
60112.267928000074,11.168,0.001
60113.07813999988,11.155,0.005
60113.2036100002,11.144,0.029
60113.211480000056,11.148,0.005
60113.212050000206,11.137,0.005
60113.212629999965,11.16,0.005
60113.217689999845,11.138,0.005
60113.21824999992,11.121,0.010
60113.21883000014,11.139,0.005
60114.07493000012,11.161,0.005
60114.20351999998,11.148,0.005
60114.20409000013,11.17,0.005
60114.204659999814,11.141,0.005
60114.20971000008,11.162,0.005
60114.21028000023,11.145,0.005
60114.21085999999,11.153,0.005
60115.12344000023,11.187,0.002
60115.226040000096,11.161,0.005
60115.22662999993,11.18,0.005
60115.22720000008,11.17,0.005
60115.23217999982,11.163,0.005
60115.23274999997,11.171,0.005
60115.233320000116,11.173,0.005
60116.15937000001,11.241,0.010
60116.165260000154,11.232,0.010
60116.171209999826,11.242,0.010
60116.177089999896,11.231,0.010
60116.182969999965,11.233,0.010
60116.18886000011,11.235,0.010
60116.244799999986,11.212,0.005
60116.245370000135,11.212,0.005
60116.24587999983,11.212,0.005
60116.25082000019,11.221,0.005
60116.25139999995,11.221,0.005
60116.251980000176,11.212,0.005
60117.912469999865,11.236,0.006
60118.21872999985,11.211,0.024
60118.254242999945,11.217,0.003
60119.011876999866,11.363,0.005
60119.012624999974,11.339,0.005
60119.014380000066,11.173,0.008
60119.151659999974,11.263,0.012
60119.15752999997,11.271,0.011
60119.163449999876,11.282,0.010
60119.169329999946,11.271,0.010
60119.17518999986,11.277,0.010
60119.18110999977,11.283,0.010
60119.903938999865,11.232,0.004
60119.90536000021,11.227,0.004
60119.92504000012,11.263,0.005
60119.942379999906,11.315,0.006
60119.94591999985,11.176,0.004
60119.9466690002,11.189,0.004
60120.191010000184,11.271,0.005
60120.191589999944,11.276,0.005
60120.19217999978,11.274,0.005
60120.19713999983,11.273,0.005
60120.197720000055,11.26,0.005
60120.19822000014,11.267,0.005
60120.2258700002,11.229,0.028
60120.91060000006,11.227,0.011
60120.912531000096,11.185,0.005
60120.91325700004,11.197,0.005
60120.92436000006,11.272,0.006
60121.17672999995,11.294,0.012
60121.19711000007,11.309,0.012
60121.202990000136,11.313,0.012
60121.208850000054,11.314,0.012
60121.21472000005,11.291,0.012
60121.22059000004,11.326,0.012
60121.22649999987,11.326,0.012
60121.95662999991,11.289,0.003
60122.063889999874,11.276,0.008
60122.22599999979,11.278,0.005
60122.22649999987,11.312,0.005
60122.2270800001,11.287,0.005
60122.231960000005,11.29,0.006
60122.23252000008,11.31,0.006
60122.23302999977,11.304,0.006
60122.92368000001,11.194,0.004
60123.16819000011,11.331,0.013
60123.174099999946,11.332,0.012
60123.18006000016,11.332,0.013
60123.18594999984,11.312,0.012
60123.19186000014,11.319,0.013
60123.19774000021,11.337,0.013
60123.25416000001,11.327,0.006
60123.25473000016,11.316,0.006
60123.25530999992,11.319,0.006
60123.260189999826,11.312,0.006
60123.260759999976,11.308,0.005
60123.26134999981,11.322,0.006
60124.2470300002,11.311,0.005
60124.247599999886,11.318,0.005
60124.24818000011,11.324,0.005
60124.25307000009,11.301,0.004
60124.25364999985,11.327,0.005
60124.25422,11.304,0.004
60124.274875999894,11.298,0.002
60124.27861199994,11.307,0.002
60125.06010999996,11.293,0.009
60125.16957999999,11.355,0.012
60125.175439999904,11.353,0.012
60125.1813099999,11.362,0.012
60125.187220000196,11.343,0.012
60125.19309000019,11.355,0.012
60125.198969999794,11.365,0.012
60125.21154000005,11.284,0.021
60125.24733000016,11.339,0.005
60125.24790999992,11.329,0.005
60125.24846999999,11.33,0.005
60125.2534599998,11.319,0.005
60125.25404000003,11.309,0.005
60125.25461999979,11.309,0.005
60125.266203999985,11.309,0.003
60127.181470000185,11.357,0.014
60127.18736999994,11.377,0.014
60127.19243799988,11.381,0.006
60127.193239999935,11.362,0.014
60127.19330300018,11.373,0.007
60127.19416199997,11.353,0.006
60127.19501399994,11.368,0.006
60127.19586399989,11.358,0.005
60127.19672399992,11.365,0.006
60127.19758399995,11.361,0.006
60127.19910999993,11.369,0.014
60127.20059800008,11.328,0.006
60127.20502999984,11.375,0.014
60127.21089999983,11.367,0.014
60127.21172000002,11.305,0.024
60127.21681000013,11.356,0.015
60127.22268000012,11.359,0.015
60127.24116000021,11.357,0.005
60127.2416699999,11.339,0.005
60127.2422600002,11.348,0.005
60127.24707000004,11.351,0.005
60127.2476499998,11.346,0.005
60127.24823000003,11.347,0.005
60127.91624999978,11.255,0.008
60128.238799999934,11.335,0.005
60128.23937000008,11.331,0.005
60128.23994999984,11.338,0.005
60128.24485999998,11.352,0.005
60128.245370000135,11.344,0.005
60128.24587999983,11.341,0.005
60128.26516100019,11.345,0.005
60129.16215000022,11.366,0.012
60129.168060000055,11.404,0.012
60129.17396999989,11.386,0.012
60129.17983999988,11.384,0.028
60129.185709999874,11.363,0.020
60129.19157999987,11.379,0.015
60129.20689000003,11.351,0.006
60129.20746999979,11.359,0.005
60129.21626000013,11.39,0.014
60130.10568000004,11.333,0.021
60130.920619000215,11.351,0.005
60130.9213680001,11.357,0.005
60130.922116000205,11.344,0.004
60130.92286500009,11.341,0.005
60130.923613000195,11.352,0.005
60130.933259999845,11.37,0.005
60131.180900000036,11.405,0.010
60131.18675999995,11.405,0.010
60131.192669999786,11.405,0.010
60131.19853999978,11.395,0.010
60131.20440999977,11.407,0.010
60131.210270000156,11.406,0.010
60131.219560000114,11.379,0.004
60131.220139999874,11.382,0.004
60131.2207200001,11.387,0.004
60131.2294999999,11.373,0.004
60131.22993999999,11.383,0.004
60131.23038000008,11.392,0.004
60131.264802999794,11.373,0.003
60131.88054799987,11.369,0.010
60131.88127399981,11.375,0.009
60131.88385300012,11.353,0.006
60131.885274999775,11.349,0.006
60131.89991000015,11.298,0.007
60131.99008999998,11.39,0.005
60132.14343999978,11.362,0.002
60132.19704,11.39,0.005
60132.197620000225,11.38,0.004
60132.19818999991,11.382,0.004
60132.203160000034,11.4,0.004
60132.20373000018,11.378,0.004
60132.20784999989,11.368,0.004
60132.21294,11.339,0.026
60132.23795100022,11.397,0.004
60132.42355699977,11.365,0.004
60132.44182799989,11.367,0.003
60132.89256499987,11.361,0.016
60132.8927699998,11.396,0.018
60132.8947399999,11.341,0.010
60132.89546700008,11.365,0.008
60132.9144799998,11.387,0.005
60133.20991999982,11.399,0.004
60133.21051000012,11.404,0.004
60133.21108999988,11.396,0.004
60133.21602000017,11.402,0.004
60133.21652999986,11.408,0.004
60133.217110000085,11.386,0.004
60133.948290000204,11.398,0.007
60134.21529999981,11.373,0.024
60134.23178000003,11.402,0.005
60134.23235999979,11.412,0.005
60134.23295000009,11.403,0.005
60134.23785000015,11.407,0.005
60134.23842999991,11.4,0.005
60134.23900000006,11.398,0.005
60135.11963000009,11.401,0.002
60135.29346599989,11.404,0.003
60135.90237999987,11.39,0.044
60135.91995000001,11.424,0.006
60135.9290260002,11.388,0.006
60135.929775000084,11.379,0.006
60135.93052300019,11.387,0.006
60135.931272000074,11.388,0.005
60136.215230000205,11.387,0.010
60137.911359999795,11.433,0.005
60137.94645600021,11.409,0.004
60137.94720500009,11.407,0.005
60137.947953999974,11.42,0.004
60138.91128000012,11.325,0.005
60138.91172999982,11.429,0.006
60139.23325000005,11.445,0.005
60139.23382999981,11.442,0.005
60139.23442000011,11.431,0.005
60139.239399999846,11.435,0.004
60139.239910000004,11.442,0.004
60139.24042000016,11.454,0.005
60139.26483999984,11.431,0.003
60140.10656000022,11.43,0.027
60140.21022999985,11.459,0.005
60140.21074000001,11.445,0.005
60140.21131999977,11.441,0.005
60140.216150000226,11.462,0.005
60140.21664000023,11.449,0.005
60140.21721999999,11.444,0.005
60141.25561999995,11.467,0.005
60141.25620000018,11.467,0.005
60141.256790000014,11.481,0.005
60141.2617899999,11.471,0.005
60141.26733999979,11.464,0.005
60141.26777999988,11.472,0.005
60142.21398,11.483,0.005
60142.214560000226,11.485,0.005
60142.21515000006,11.483,0.005
60142.22026999993,11.486,0.005
60142.22085999977,11.456,0.005
60142.221439999994,11.493,0.005
60142.909190000035,11.48,0.005
60143.20961999986,11.476,0.004
60143.21023999993,11.484,0.004
60143.21085999999,11.488,0.004
60143.211480000056,11.48,0.004
60143.212090000045,11.476,0.004
60144.205380000174,11.489,0.004
60144.20612999983,11.495,0.004
60144.2068599998,11.496,0.003
60144.207609999925,11.484,0.004
60144.20834999997,11.494,0.003
60145.09030999988,11.486,0.020
60145.1976999999,11.498,0.004
60145.19831999997,11.506,0.004
60145.198929999955,11.507,0.004
60145.19953999994,11.523,0.004
60145.20016000001,11.513,0.004
60145.88963000011,11.516,0.010
60146.22715999978,11.521,0.004
60146.22789999982,11.529,0.004
60146.22863999987,11.528,0.004
60146.22938999999,11.521,0.003
60146.230140000116,11.522,0.004
60146.24692999991,11.509,0.004
60148.067410000134,11.531,0.011
60149.082359999884,11.525,0.012
60150.07018999988,11.538,0.004
60150.21114999987,11.559,0.004
60150.21178000001,11.587,0.004
60150.21239,11.573,0.004
60150.21299999999,11.574,0.004
60150.21362000005,11.568,0.004
60151.22568000015,11.586,0.004
60151.226429999806,11.582,0.004
60151.22711999994,11.59,0.004
60151.22781000007,11.592,0.004
60151.2285000002,11.594,0.004
60152.112619999796,11.595,0.002
60153.09010000015,11.599,0.012
60153.216959999874,11.615,0.027
60153.244274999946,11.614,0.004
60153.88408000022,11.638,0.007
60154.242037000135,11.652,0.003
60154.88823999977,11.642,0.006
60154.91564900009,11.646,0.006
60154.9163970002,11.647,0.006
60154.91714600008,11.641,0.005
60155.919939999934,11.679,0.111
60159.08393999981,11.737,0.013
60159.20214999979,11.748,0.005
60159.20289999992,11.754,0.005
60159.20363999996,11.754,0.005
60159.204390000086,11.757,0.005
60159.20514000021,11.757,0.004
60159.238911999855,11.754,0.006
60159.89809799986,11.771,0.006
60159.89884700021,11.761,0.006
60159.89959499985,11.778,0.006
60160.17811000021,11.804,0.041
60160.18809999991,11.784,0.030
60160.223520999774,11.815,0.005
60160.883340000175,11.851,0.009
60162.18092000019,11.958,0.005
60162.181669999845,11.961,0.005
60162.18240999989,11.953,0.005
60162.18317000009,11.967,0.005
60162.183920000214,11.959,0.005
60162.89770000009,11.963,0.091
60162.93066000007,12.018,0.008
60163.181859999895,12.056,0.005
60163.18259999994,12.062,0.005
60163.18333999999,12.052,0.005
60163.184080000035,12.06,0.005
60163.86689000018,12.101,0.010
60163.89019000018,12.155,0.111
60164.184020000044,12.136,0.006
60164.18790999986,12.165,0.028
60164.18791999994,12.09,0.006
60164.18854,12.096,0.006
60164.18916000007,12.117,0.006
60165.09965999983,12.26,0.003
60165.86817600019,12.361,0.010
60165.868925000075,12.384,0.008
60165.86967300018,12.381,0.008
60165.88032,12.375,0.008
60166.875041999854,12.509,0.010
60166.89203000022,12.514,0.010
60166.917770000175,12.545,0.119
60166.947726999875,12.497,0.010
60166.94847499998,12.498,0.010
60166.949223999865,12.495,0.009
60167.189679999836,12.59,0.028
60168.174540000036,12.629,0.009
60168.17528000008,12.634,0.009
60168.17602000013,12.653,0.009
60168.17676999979,12.644,0.010
60168.18104999978,12.619,0.031
60168.20665499987,12.673,0.006
60168.2670140001,12.652,0.009
60168.92462000018,12.754,0.014
60169.10662999982,12.737,0.003
60169.86300300015,12.764,0.011
60169.863752000034,12.768,0.011
60169.87133099977,12.761,0.008
60169.88143000007,12.788,0.010
60171.91378000006,12.901,0.014
60172.09212000016,12.894,0.006
60172.12128000008,12.891,0.033
60172.16891000001,12.889,0.011
60172.16966000013,12.909,0.012
60172.17040000018,12.866,0.011
60172.173659999855,12.931,0.013
60172.87435999978,12.909,0.012
60174.18632999994,12.951,0.012
60174.187069999985,12.933,0.012
60174.18769000005,12.945,0.012
60174.19163999986,12.841,0.011
60175.85326999985,12.965,0.013
60176.09685999993,12.976,0.007
60176.86161000002,13.003,0.012
60177.85876500001,12.88,0.012
60177.859513999894,12.891,0.012
60178.09781999979,12.997,0.029
60178.85168999992,13.018,0.014
60178.88636300014,13.136,0.012
60178.887112000026,13.011,0.012
60179.1163900001,13.018,0.007
60179.85709000006,13.05,0.031
60179.882710000034,12.986,0.017
60179.893434999976,13.068,0.013
60179.894183000084,13.063,0.020
60181.18871999998,13.065,0.015
60181.18944999995,13.059,0.014
60181.190189999994,13.016,0.014
60181.19093000004,12.994,0.014
60181.246234000195,13.017,0.013
60181.84143000003,13.021,0.015
60182.18650999991,12.974,0.014
60182.1871199999,13.016,0.014
60182.18775000004,13.023,0.014
60182.18836000003,13.021,0.014
60183.831216999795,13.086,0.009
60183.84376800014,13.05,0.012
60183.84451700002,13.017,0.012
60184.10800000001,13.066,0.007
60185.066939999815,12.757,0.026
60187.16021999996,13.099,0.028
60187.18482000008,13.073,0.015
60187.185570000205,13.111,0.016
60187.186309999786,13.096,0.015
60187.18704999983,13.11,0.016
60188.14554399997,13.136,0.007
60189.844810000155,13.143,0.024
60190.83592299977,13.19,0.015
60190.83742000023,13.196,0.018
60191.08322999999,13.162,0.035
60191.83179599978,14.51,0.021
60191.84701899998,13.141,0.016
60191.84851700021,13.144,0.016
60191.86241000006,13.13,0.023
60192.09221999999,13.163,0.008
60192.151910000015,13.15,0.042
60192.1587700001,13.19,0.015
60192.15952000022,13.189,0.015
60192.16026999988,13.161,0.014
60192.16102,13.137,0.014
60192.839449999854,13.203,0.016
60192.848919999786,13.144,0.017
60193.156200000085,13.151,0.015
60193.15695000021,13.149,0.015
60193.157699999865,13.156,0.015
60193.15844999999,13.184,0.015
60193.26743600005,13.164,0.015
60193.83976300014,13.191,0.013
60193.84126000013,13.189,0.011
60193.859240000136,13.166,0.019
60194.16249000002,13.173,0.014
60194.163230000064,13.186,0.015
60194.16398000019,13.194,0.015
60194.16471999977,13.178,0.015
60194.810238000005,14.408,0.035
60194.84220100008,13.247,0.011
60194.84294999996,13.218,0.014
60195.21951999981,13.191,0.018
60195.220920000225,13.211,0.024
60195.22164000012,13.182,0.018
60196.82949100016,13.266,0.020
60196.83098800015,13.28,0.014
60197.81866999995,13.229,0.027
60198.83472000016,13.267,0.018
60199.01593999984,13.274,0.034
60200.18467999995,13.25,0.017
60200.18543000007,13.219,0.017
60200.18617000012,13.246,0.017
60200.18692999985,13.289,0.018
